1,417
2,650
3,319
4,2084
5,651
6,652
7,2061
8,2518
9,2062
10,20
11,653
12,3589
13,5017
14,654
15,3633
16,655
17,21
18,2063
19,656
20,2274
21,418
22,657
23,2085
24,2275
25,658
26,503
27,4740
28,3590
29,1944
30,4212
31,0
32,447
34,139
35,2086
36,504
37,4384
38,7691
39,22
40,419
41,3004
42,2087
43,3591
44,659
45,448
46,4131
47,23
48,2088
65585,5393
50,24
52,25
53,6506
54,6867
55,3005
57,2089
58,2090
59,7145
60,96
61,3617
62,26
63,2091
64,2092
65,3401
66,5001
68,3006
69,2481
70,547
71,4463
72,4213
73,2499
74,2064
76,2065
77,7610
78,2478
79,2066
80,5959
81,2067
82,660
83,6323
84,7685
85,2068
86,2069
87,7695
88,2952
89,2093
92,2070
93,4132
94,661
95,662
131168,3519
97,2094
98,3634
99,6452
100,2071
101,663
102,4741
103,5511
104,320
105,2095
65642,1579
107,664
108,8319
163949,8293
110,27
111,385
112,140
113,5509
32882,7395
116,4214
117,4385
118,2519
119,7174
121,4215
122,2096
123,665
32892,2457
125,666
126,548
65665,6287
130,3061
131,8320
132,4516
135,3123
98441,8192
140,2072
141,141
144,28
145,667
65682,4469
147,3007
148,8431
149,668
150,29
151,420
152,525
153,30
154,2097
155,6324
156,4133
157,669
158,386
159,2098
160,670
161,31
162,671
163,672
164,673
165,32
166,2099
167,9052
168,33
169,549
170,674
171,4217
172,675
173,142
174,4283
175,676
176,677
177,2100
178,4218
179,2101
180,678
181,2234
183,8322
184,5701
185,34
186,35
65567,5391
188,3053
189,8323
190,4136
191,4134
193,679
194,1945
195,5019
196,680
198,421
199,4961
200,5002
201,5020
202,2102
203,2520
204,2950
205,4194
206,2103
207,422
208,36
209,2104
211,7475
213,4219
214,681
215,682
216,683
217,4644
218,4220
219,5668
220,3054
222,37
223,38
224,2276
225,39
227,2521
228,2522
229,2105
230,684
231,321
232,685
233,686
234,4205
235,40
33004,1457
237,687
238,3380
239,3635
240,5003
241,6923
242,3008
243,5021
244,8324
245,8923
246,688
247,97
248,41
249,2106
250,3404
251,7694
252,689
253,42
254,2523
255,4206
256,3009
257,4517
258,3332
259,4942
260,143
261,43
262,2107
263,4221
264,7009
265,44
266,45
267,98
268,6507
269,2108
270,5022
271,5023
272,46
273,47
274,4949
275,4207
276,2109
277,322
278,6298
279,3592
280,3593
281,2110
282,449
283,2111
285,3055
287,4222
288,690
289,144
290,4223
291,4208
292,48
293,387
294,3594
295,5119
296,49
299,4224
300,50
301,6483
302,4225
303,3333
304,7606
305,4226
306,691
307,692
308,693
309,7006
98615,6188
312,3010
313,4645
314,51
315,2251
316,423
317,52
318,99
319,53
320,7692
321,3011
322,694
103819,8801
324,4227
325,8325
326,2112
327,3062
328,2113
329,145
330,3056
331,4228
332,2114
333,424
334,2115
335,695
336,8294
337,1941
338,3057
339,54
340,2116
341,7308
342,696
343,5024
344,323
345,425
346,2117
347,5512
348,1946
349,55
350,56
351,4195
352,3636
353,697
354,2118
355,100
356,57
357,58
358,4943
5521,7868
360,4284
361,2119
362,621
363,6454
364,59
365,2120
366,2121
367,60
368,2524
369,2122
370,61
371,62
372,63
373,698
374,3612
60137,6914
376,2073
377,64
378,4518
379,2123
380,146
381,3012
382,65
383,2124
384,4944
33154,1458
387,5615
388,6991
389,6484
390,7269
391,4945
392,3381
393,2235
33162,2458
33164,3839
33166,377
401,5960
33171,3840
405,66
407,2125
408,6325
409,3637
410,67
412,2126
413,2525
414,5466
415,3549
416,5216
417,4386
418,5028
419,2526
420,2951
421,3334
422,5004
423,2127
424,2527
425,2278
426,2528
427,4229
428,2128
429,699
431,147
432,2529
32840,4830
434,148
435,149
436,6299
437,4209
438,6670
439,7011
440,150
441,700
442,151
443,4575
444,4230
445,2129
446,4231
447,8326
448,2130
449,7476
450,2131
451,2132
452,3595
453,6300
454,68
455,4274
456,2133
457,69
458,4472
459,2530
460,7176
461,3363
463,2531
464,152
465,2134
466,701
467,6832
468,70
469,3013
470,4862
471,702
472,2532
473,5525
474,71
475,2135
476,5617
477,2533
479,2136
480,72
481,703
482,1947
483,704
484,3382
485,73
486,5618
487,5675
488,6196
489,4519
490,4850
491,2137
492,1948
493,2138
494,705
495,4137
496,7627
497,74
498,6301
499,5891
500,75
501,2139
502,3638
504,2140
98809,1753
506,4387
507,2141
508,76
509,77
510,3639
511,7021
512,5005
513,2142
514,3640
515,78
516,4646
517,2143
518,2534
519,2144
520,450
521,3014
522,2145
523,2535
524,451
98829,4028
526,8327
527,79
528,7626
529,578
66066,3938
531,622
532,2279
533,5676
534,426
535,706
536,7177
537,80
538,579
539,81
540,707
541,153
542,4520
543,452
544,4786
546,4210
547,2146
548,4211
549,708
550,82
551,83
552,84
553,2236
66090,3939
555,709
556,710
558,4647
559,7611
66097,1581
562,711
563,9053
564,7696
565,8329
567,7654
568,4232
569,4947
571,8330
573,7612
574,712
575,3641
577,5996
580,2147
581,2536
582,8299
585,85
586,86
587,87
588,88
589,89
590,90
592,91
593,92
594,154
595,101
596,155
597,324
599,2148
600,5006
603,6326
98908,8777
605,2280
606,3058
608,505
609,3402
610,156
611,3059
612,2149
613,3596
614,8331
615,5961
616,93
617,8601
619,6039
620,7312
621,8332
626,7791
627,5263
628,453
98933,9000
630,5264
631,3597
632,6508
633,4233
635,3529
637,3124
638,8922
639,4948
640,2074
131714,8879
6568,6122
647,713
648,714
650,3598
651,7750
131724,6744
653,2075
656,5619
98961,1754
659,7477
661,94
662,2150
663,715
664,3599
665,716
66203,1583
668,2281
33437,6464
670,2282
671,427
673,580
674,717
678,2985
679,7127
680,718
681,7613
685,5265
687,5025
688,3335
690,7614
691,5007
692,5677
694,3600
695,5648
696,7686
697,6747
698,5513
700,5016
99005,8778
702,7544
99007,1755
704,3619
705,5033
707,2076
708,428
709,3601
710,6584
711,3602
714,1949
715,5526
718,8295
719,2077
720,95
721,7615
722,5090
724,429
33493,496
99030,7164
33495,3428
728,3530
33499,5204
733,506
735,526
736,102
737,430
741,3135
742,3642
743,2078
745,431
746,7807
747,4253
748,719
750,720
753,4234
754,4742
755,7131
756,4235
757,8597
131830,7585
759,5962
760,4817
761,3403
762,721
764,8589
765,2079
766,4236
767,2537
769,7478
66310,5817
775,8333
778,103
779,5253
780,432
781,5266
782,2538
783,4135
784,722
785,550
786,433
787,6833
788,325
33558,5140
793,7616
798,5008
799,723
800,724
801,3567
802,725
803,726
804,727
805,454
806,2539
99112,1756
809,4787
99114,1757
99117,3484
816,7128
818,2080
33587,7048
820,7617
137,8321
824,5468
5599,2391
828,4237
829,4788
830,4238
831,8334
832,728
833,5678
834,4863
66371,3236
836,729
837,3106
838,3003
839,3621
840,7697
841,2283
842,2479
844,4239
99149,1758
846,5702
33615,2058
848,5267
849,2081
850,6509
851,730
852,2082
33621,5303
854,7618
858,157
861,5009
864,7655
865,8598
866,104
867,5065
869,2540
870,4576
33639,6173
872,4138
109372,8825
875,7794
876,6513
146,5018
33646,4204
879,4285
880,2083
881,4577
882,5010
109374,1810
886,7270
888,5527
889,7656
891,2152
33660,3429
893,7129
65685,5394
896,6455
897,3336
898,2153
899,731
900,2284
33669,5050
902,2154
903,158
904,732
905,2207
906,5900
907,6040
908,733
909,734
910,159
911,735
912,736
913,160
914,623
33683,2059
916,737
917,2156
918,2237
919,161
920,738
921,2238
922,739
923,551
924,434
98458,8193
926,740
927,4388
928,1950
929,2157
930,1951
931,741
932,4521
933,2158
934,3603
935,5490
936,5528
937,6327
938,5491
939,6816
940,2159
941,6028
942,1952
943,4578
944,5091
945,2239
946,5492
947,2541
948,2240
949,2285
950,2160
951,2161
952,2241
953,742
954,2162
955,2163
956,5493
957,5089
960,5092
961,5529
962,6328
1123,6456
964,6329
965,1953
966,2164
968,2165
969,2166
970,5530
971,2286
972,6330
973,4389
132046,1881
976,3337
980,8335
981,6510
982,2167
984,5531
986,3063
987,7657
988,6752
990,6782
991,5268
99296,5843
994,743
996,2542
997,7658
998,7699
999,3550
132074,8268
1003,4959
1004,6332
1005,4789
1006,2543
1007,3531
66544,4854
1009,3532
1010,2544
1011,162
1012,2242
1013,2168
1014,4370
1015,3582
1016,163
1017,2545
1018,2546
1019,2169
1020,744
1021,3551
1022,164
1023,2170
1024,5066
1025,2547
33794,497
1027,552
1028,165
1029,1
1030,166
1031,167
1032,168
1033,169
1034,2477
1035,326
1036,170
1037,3064
1040,7688
1041,745
1042,2171
1043,7010
1044,8590
1046,4241
1047,746
1049,3643
1050,6535
1051,7007
1053,8336
1054,7179
1055,5011
1056,5469
1057,4390
33826,6682
1059,507
1060,747
1061,2
33830,6926
1063,4579
1064,4648
33834,3841
1067,6645
33836,5205
1069,7314
33838,7096
1073,171
132146,5876
1076,7315
1077,581
1078,2287
1079,172
1080,435
1081,2548
1082,2172
1083,4371
1084,748
1085,3338
1086,2173
1087,5975
1088,749
1089,173
1090,2174
1091,2175
1092,750
1093,751
1094,752
1095,753
1096,2288
1097,174
1099,4743
1100,754
1101,527
1103,2176
1104,1954
1105,3583
1111,4696
1112,4580
1113,6334
1114,2549
1120,755
98491,5248
1124,2177
1125,175
1126,2178
1127,176
1128,2179
1129,3
1130,2180
1131,756
1132,4139
1133,6476
1135,2243
1136,177
1137,6197
33912,8040
1145,7659
1147,757
1148,436
33917,8041
1150,3015
1151,8337
1152,7809
1153,7810
1154,7811
1161,2181
1162,5533
1163,4242
99468,1759
1165,5122
99470,5844
1167,6041
1168,8338
1169,7180
1171,758
1172,4
1173,759
1174,7619
1175,1955
1176,760
1177,508
1178,761
1179,762
1180,6872
1181,2550
1183,763
1184,6302
1185,2182
1186,764
1187,4473
1188,2289
1189,765
1190,6873
1191,5892
1192,4391
1193,327
1194,178
1196,179
1197,105
1198,180
1199,766
1200,181
1201,553
1202,2290
1203,767
1204,388
1206,182
1207,768
1208,183
1209,769
1210,106
1211,770
1212,771
1213,184
1214,185
1215,582
1216,2183
1217,772
1218,773
1219,186
1220,187
1221,328
1222,188
1223,437
1224,2244
1225,189
1226,2551
1227,2184
1228,774
1230,190
1231,438
1232,1956
1233,775
1234,776
1235,107
1236,7309
1237,1957
1238,2185
1240,191
1241,1958
1242,439
1243,192
1244,777
1245,1959
1246,778
1247,329
1248,779
1249,780
1250,389
1251,781
1252,782
1253,2186
1254,783
1255,1960
1256,2245
1257,193
1258,194
1259,195
1260,784
1261,2187
1262,785
1263,5
1264,786
1265,196
1266,787
1267,788
1268,2188
1269,2189
1270,197
1271,108
1272,789
1273,4392
1274,2190
1275,440
1276,390
1277,2291
1278,198
1279,4393
1280,790
1281,791
1282,199
1283,792
1284,793
1285,200
1286,2191
1287,6
1288,201
1289,794
1290,795
1291,202
1292,2192
1293,7
1295,583
1296,2246
1297,796
1298,203
1299,2193
1300,2502
1301,2247
1302,441
1303,797
1304,798
1305,2292
1306,2194
1307,204
1310,7479
93061,6017
1312,8339
103984,7743
1317,4581
1320,799
1321,2195
1322,4286
1323,3533
1324,6176
1325,8340
1326,3534
1327,2196
1328,6497
1329,8341
1330,4287
1331,7700
1332,205
1333,800
1334,206
1335,8342
1336,2197
1337,7588
1339,8
1340,2986
1341,4394
1342,801
1343,9
1344,207
1345,2198
1346,2248
1347,2199
1348,1961
1349,6947
1350,2200
1351,4250
1352,2552
1353,442
1354,2201
1355,7589
1356,208
1357,509
1358,391
1359,2953
1361,802
1363,6042
99669,5845
1366,2503
1367,3016
1369,7621
1370,803
1371,10
1372,209
1373,443
1374,210
34143,2460
1376,211
1377,212
1378,109
1379,4582
1380,213
1381,2202
34150,1461
1384,4395
34153,3563
1387,214
1388,215
1389,2204
1390,2553
1391,805
1392,4474
1393,330
1394,445
1395,2249
1396,216
1397,6335
66934,1586
1399,2554
1401,5534
1404,5649
1405,11
1406,7622
1407,806
132480,1882
1409,2480
1410,6869
1411,510
1413,7480
1414,6585
1415,7623
1416,2947
236,2277
1419,5535
1420,4396
1422,2555
1423,528
99728,4029
1425,5650
1427,2250
1428,6485
1429,4583
1430,4864
1431,5621
1432,5569
1433,7701
1437,3065
1438,2293
1440,2556
1441,2205
1442,7181
1444,6537
1445,5988
1446,6603
1447,4865
1449,807
1450,8603
1453,5679
1454,7645
1455,5536
1456,3644
1457,3107
1458,8343
1459,529
99764,3485
1461,2557
1463,6870
1464,808
1465,8344
1466,809
1468,5622
1472,4251
1473,7702
1474,3584
1475,7789
1476,810
49,6831
1479,811
1480,4475
1482,7660
1483,812
1484,813
1485,331
1487,4649
1488,2558
1489,6043
1490,4866
99795,7045
1493,8345
1495,5623
1497,6783
1498,4818
1499,530
1500,455
1501,7661
1502,814
1503,815
1504,6992
5712,2898
99811,1760
1508,2559
99813,6933
1513,816
1515,2294
1516,4397
1517,817
1518,4584
33021,6241
1523,2560
1525,5458
1526,6586
1527,818
1529,819
1531,8346
1532,4867
1535,4398
1537,4748
1539,8604
1541,511
1542,4960
1543,8347
1544,217
1545,3066
1546,820
1549,8348
1550,8349
67087,1587
1552,456
34321,6614
1554,4252
34323,3169
1556,821
34326,2461
1562,822
1563,8605
34332,4747
34334,1463
34336,6759
1569,823
1570,1962
1571,8606
1572,4824
1573,824
1575,6486
1580,110
1581,5989
1582,7792
1583,5093
1584,512
1586,4112
1587,3535
1588,2562
1589,825
1590,3645
1591,3067
1592,5997
1593,4523
1594,4399
1595,3646
1596,6874
1597,826
1598,2563
1599,3647
1600,6338
1601,5470
1602,6587
1603,3648
1604,6671
1605,7182
1606,4586
1608,827
1609,7130
1610,828
1611,531
1612,3108
1613,4587
1614,2564
1615,829
1616,830
1617,457
1619,4372
1620,2565
1621,7297
1623,5067
1624,2566
1625,458
1626,5990
1627,1963
1629,6588
1631,7662
1632,4868
1633,5894
1635,831
1636,3359
34405,1464
1639,392
1640,8350
1641,2252
1642,6589
1643,5471
1644,832
1645,833
1646,4588
1647,5012
1648,4400
1649,834
1652,6198
1653,835
1654,7624
1655,4288
67193,1588
1658,4524
1660,7663
67197,3237
1663,218
1665,4767
1667,4650
1668,4790
34437,2060
1670,4373
1671,8552
1672,2567
1673,836
1674,219
1676,837
1678,4589
1680,513
1681,2509
1682,332
1683,4561
1684,5670
1686,2568
1687,393
1688,4525
1689,838
1690,532
1692,9049
1693,2253
1694,839
1696,8352
98587,3043
1701,2569
1702,4590
1703,5537
1704,459
1707,3127
71282,1614
1711,2570
1713,4591
1715,8353
67252,3942
1717,840
1719,533
1721,111
1722,841
132796,1883
1726,2571
1727,4476
100032,1761
1729,842
100034,4782
67267,4715
1732,584
1733,7625
1734,4401
1735,843
1739,4870
1744,5680
1746,4791
1747,394
1748,844
1750,5013
1752,845
1753,846
1754,460
1755,6514
1756,6632
1757,7114
67295,6012
1760,2954
1762,3649
34532,5052
34534,5350
1767,7183
34536,6685
1769,2254
1771,8356
1772,3068
34542,1465
1777,333
1779,847
1783,2572
1784,334
1785,2573
1788,4402
1791,2574
1792,848
1794,7069
1795,5472
1796,7481
1797,2295
1798,2575
1799,2255
1801,4477
100106,7577
1804,4526
1805,220
1806,3109
1807,849
1809,1964
1810,850
1812,7703
34583,7398
1816,851
98607,4027
1821,3110
1822,8357
5765,4903
1824,4592
67361,8708
1826,3650
1827,852
1831,853
1833,4593
1834,854
1835,2296
1836,855
1837,6590
1839,5467
1840,3651
1841,4403
98611,8195
1844,5473
1845,856
1846,4478
1848,4594
1852,4595
1854,7704
100159,4030
1856,4404
1858,221
1859,857
1860,858
1861,7482
1862,859
1863,4527
1864,2576
1865,7171
1866,4596
1870,6994
67408,3239
1873,2297
6609,5594
1875,6457
1876,395
1878,7646
1880,3069
1881,5674
1882,860
1883,861
1884,112
1885,4597
1886,4871
1887,534
1888,3360
1889,862
1891,8358
1892,2500
67429,8116
1894,4598
1895,863
1896,7184
1897,864
1900,2298
1901,8599
1902,7706
33085,7029
1904,865
1907,2208
1909,396
1910,7664
1911,3383
1912,866
1913,4140
1914,867
1916,3652
1917,222
1918,223
1919,7008
1920,3653
1921,868
1922,6646
1923,335
1924,4405
5782,1993
1926,6817
1927,2299
1928,8433
1929,4406
1931,2300
1932,2301
1933,6818
1934,5901
1935,2302
1936,5494
1937,4374
1938,5094
1939,4407
1940,5495
1941,2303
1942,5496
1943,2577
1944,2304
1945,869
1946,2305
1947,2306
1948,3361
1949,2307
1950,870
1951,2308
1952,871
1953,12
1954,224
1955,872
1956,873
1957,2309
1958,2310
1959,2311
1960,2209
1961,225
1962,874
1963,6303
1964,875
1965,2578
1966,4408
1967,226
1968,227
1969,3364
1970,4289
1971,4290
1972,4291
1973,4292
1974,2955
1975,3536
1976,4638
1977,3537
1978,3538
1979,3539
1980,8359
1981,3540
1982,2579
1983,2956
1984,2957
1985,4293
1986,8360
1987,3541
1988,4294
1989,8361
1990,8362
1991,3654
1992,4507
1993,5262
1994,228
1995,3384
1996,3542
1997,336
1998,5220
1999,4409
2000,229
2001,397
2002,230
2003,231
2004,3111
2005,232
2006,876
2007,7185
2008,8608
2009,2580
2010,877
2011,878
2012,879
2013,2210
2014,233
2015,2581
2016,3552
2017,4651
2018,234
2019,398
2020,235
2021,236
2022,2312
2023,337
2024,2582
2025,880
2026,4295
2027,2313
2028,113
2029,6995
2031,6044
2032,8591
2033,237
2034,238
2035,7316
2036,6753
2037,3543
2038,639
2039,6045
2040,5624
2041,881
2042,554
2043,4410
2044,3544
2045,6046
2046,239
2047,8363
2048,6047
2049,7812
2050,5681
2051,6000
2052,3405
2053,4599
2054,240
2055,8364
2056,7813
2057,6048
2058,882
2059,3613
2060,883
100365,1763
2062,7310
2063,8609
2064,241
2065,2510
2066,1965
2067,1966
2068,2314
2069,4296
2070,2583
2071,4600
2072,399
2073,6647
2074,7757
2075,3021
2076,884
2077,4962
2078,242
100383,1764
2080,243
2081,244
2082,2584
2083,2585
2084,4963
2085,245
2086,246
2087,247
2088,2586
2089,3655
2090,3656
2091,248
2092,3022
2093,3385
2094,249
2095,6592
2096,250
2097,3545
2098,6593
2099,4375
2100,251
2101,4601
2102,252
2103,9043
2104,4602
2105,13
2106,4081
2107,2958
2108,535
2109,253
2110,254
2111,3546
2112,2587
2113,4297
2114,255
2115,256
2116,2588
2117,1967
2118,1968
2119,4298
2120,2589
2121,2590
2122,2591
2123,3568
2124,257
2125,514
2126,885
2128,5029
67665,1589
2130,3547
2131,3023
2132,2315
2133,886
2134,887
2135,4376
2136,2592
2137,4411
2138,3657
2139,461
2140,258
2141,259
2142,3658
2143,260
2144,261
2145,888
2146,2593
2147,5068
2148,2594
2149,4299
2150,14
2151,4683
2152,8300
2153,3128
2154,7311
2155,4196
2159,1969
2160,889
2161,262
2162,4652
2163,3548
2164,3659
2165,7070
2166,2595
2167,890
2168,6049
2169,6835
2170,2959
2171,6304
2173,5539
2174,263
2176,2316
2177,5578
2178,2317
2180,3553
2181,2318
2182,5095
2183,2319
2184,2596
2186,891
2187,5638
2188,2597
2189,8365
2190,7647
2191,8508
2193,15
2194,264
2195,3660
2197,6748
67734,1590
2200,5579
2201,5497
2202,2504
2203,2320
2204,1970
2205,2321
2206,6050
2207,6949
2208,4344
133281,8884
2210,7317
2212,6819
100517,1765
2214,7462
2215,8366
2219,4412
33138,6242
100527,6934
2227,4413
2231,892
2232,893
2236,2598
2237,7186
2238,5540
2239,7806
2240,2599
2241,5541
2243,894
2244,7707
2245,2600
2246,6648
2247,2601
2248,265
2249,515
2250,6836
375,7175
100556,1766
2253,2603
2254,6305
2255,2604
2256,8367
2257,6306
2259,585
2260,7814
2261,6594
2262,4758
2263,266
2264,2605
2265,6595
2266,5625
2267,2606
2268,267
2269,895
2271,6837
2272,5651
2273,338
2275,4087
2276,7187
100581,1767
2278,516
2279,4300
2280,6838
2282,896
2283,7815
2284,8551
2285,5542
2286,2607
2287,3339
2288,897
2289,268
2290,4414
2291,517
2292,7708
133365,8885
2294,16
2295,8368
2296,2608
2297,4113
2300,2505
2301,2256
2302,462
2303,898
2304,6996
2305,3661
2306,4603
2307,2609
2310,5082
2311,899
2312,4415
2313,900
2314,6839
2315,3662
2316,4653
2318,114
2320,2610
2321,901
2322,3070
2323,7665
2324,463
2325,5991
2327,3663
2328,5519
2329,464
2330,4528
67867,5158
2333,902
2334,903
2335,3664
2336,904
2337,4604
2338,2987
2339,5520
2340,905
33158,7518
2342,8530
2344,536
2345,4416
2346,2611
2347,2612
2348,269
2349,4562
2350,8369
2351,906
2352,2613
2353,465
2354,5521
2355,339
2356,2501
2357,907
2359,4197
2360,908
2361,2322
2362,4417
2363,4825
2364,6749
2365,4605
2366,909
2367,2511
2368,3386
2369,910
2370,5543
2371,270
2372,5682
2373,4606
2374,2614
2375,4607
2376,2615
2377,7790
2378,911
2379,3129
2380,4254
2381,3130
2382,4255
2383,3131
2384,2512
2385,4654
2386,5522
67923,3944
2388,6997
2389,2616
2390,3112
2391,518
2392,5069
2393,3585
2394,640
2395,913
2396,519
2397,4418
2398,2617
2399,5544
2400,8434
2401,4823
2402,2257
2403,271
2404,3665
2405,914
2406,272
2407,915
2408,3365
2409,273
2410,537
2411,2618
2412,2619
2413,916
2414,3340
2415,5652
2416,4635
2417,2620
2418,2621
2419,7188
2420,2622
2421,3666
2422,3667
2423,466
2424,340
2425,4608
2427,520
2428,917
2429,3668
2430,3341
2431,2258
2432,2623
2433,2624
2434,5083
2435,2625
2436,4377
2437,7666
2438,6536
2439,918
2440,4609
100745,1769
2442,4378
2443,4301
2445,4302
2446,6607
2447,919
2448,6750
2449,4872
2450,4088
2451,3669
2453,4419
2454,274
2455,17
2456,3588
2457,2626
2458,5683
2459,2259
2460,586
67997,1591
2462,4304
2463,2627
2464,7709
2465,4305
2467,275
2468,2628
2469,3604
2470,2506
2471,3342
2472,6596
2473,5627
2474,2323
2475,3554
2476,5096
2478,920
2479,8370
2481,7668
2482,5474
2483,7633
2485,4306
2486,6608
2487,5475
2488,5727
2490,521
2491,6051
2492,4730
2493,7758
2494,6840
2495,3670
2496,3113
2497,5703
2498,4610
2499,6458
2500,6052
2501,522
2502,341
2504,4731
2505,921
2506,6597
2507,2960
2511,7669
2513,115
2514,7463
2515,8371
2516,6548
2517,2629
2518,2630
2519,8372
2520,2631
2521,2632
2522,3071
2523,2633
2524,2634
2525,5998
2526,7751
2527,2988
2528,400
2529,401
2530,2635
2531,2636
2532,2637
2533,2638
65552,5390
2535,2639
2536,3072
2537,3343
2539,523
2540,4655
2541,922
2542,923
2545,6609
2546,6307
2548,4420
2549,4082
2550,6579
2551,276
2552,5628
2553,2989
2554,7483
2555,3671
2557,5728
2558,4529
2559,7710
2560,924
2561,2640
2562,4819
2563,4530
2565,4379
2566,7711
2567,4792
2568,925
2569,5476
2570,5653
2571,402
2572,624
2573,7133
2574,926
2575,927
2577,2641
2579,928
2580,929
2581,930
2582,3672
2583,2507
2585,931
2586,8374
2587,4611
2589,6649
2590,4612
71429,3958
2594,932
2596,555
2597,5629
2598,933
2599,934
2600,935
68137,4186
2605,936
2606,1971
2607,5084
2609,7484
2610,6841
2611,2642
2612,5498
2613,4563
2615,5545
2616,277
2617,937
2618,6308
2620,4656
68157,1592
2622,3114
68159,1593
2624,938
2625,6515
2626,6610
2627,7485
2628,278
2629,5085
2630,5086
2631,7816
2633,7590
2634,7591
2635,7592
2636,7593
2637,7594
2638,7595
2639,2643
2640,279
2641,2644
2642,2645
2643,4847
2644,2324
5902,1299
2647,7596
2648,939
2649,7597
2650,7598
2651,7599
2652,5725
2653,7600
2654,5902
2655,8375
2656,7752
2657,403
68194,5159
2659,280
2660,4613
2661,8559
2662,2508
2664,2646
93287,7737
2668,587
2669,3344
2670,3362
2671,940
2672,1972
2673,4141
2674,7670
2676,5070
2677,1973
2678,941
2681,6672
2682,7189
2683,281
2686,942
2687,2647
2688,2648
2689,2961
2690,2211
2691,6053
2692,404
2693,7172
2694,116
2696,5477
2697,7486
2699,282
2700,943
2701,944
2702,117
2704,5478
2706,342
2707,945
2708,8531
2709,946
2710,947
2712,948
2713,949
2714,5684
2715,7608
2716,118
2717,950
2718,951
2719,4556
2720,641
2721,2325
2722,952
2723,283
2724,642
2725,4421
2726,953
2727,7319
2728,2326
2729,954
2730,2327
2731,2328
2732,5546
2733,6650
2734,284
2735,5459
2736,4851
2738,2649
2739,2329
2741,2650
2745,4684
2746,2330
2747,4422
2748,3345
2749,2651
2750,2652
2751,7712
133824,5877
2753,7689
2754,8376
2755,7817
2757,2653
2758,7609
2759,955
2761,405
2762,119
2763,956
2764,4423
101070,3045
2767,8378
2769,957
2770,285
2771,5071
101076,1770
2774,5630
2775,6611
2776,7134
2779,3605
2780,6516
2781,7601
2782,2654
68319,1595
2784,4424
2786,7713
2787,2655
2788,286
2789,4307
2790,2656
2791,287
2792,3555
2793,2657
2794,2658
2795,288
2796,5631
2797,289
2798,3673
2799,4873
2800,8379
2801,4380
2802,2659
2803,958
2804,290
2805,2331
2806,3366
2807,5336
101112,1771
2809,6673
2810,4826
68347,7104
2812,7191
2815,3346
2816,3347
2817,3348
2819,959
2820,4425
2822,291
2824,7487
5932,7338
2826,538
2827,539
2828,4614
2829,2660
2832,8600
2835,5337
2836,3115
2837,6998
101142,3311
2839,7071
2840,540
2841,120
2843,4697
2844,4426
2845,4874
2846,3556
2847,5895
2848,6309
2849,8637
2850,8380
2851,2661
2852,2662
2853,5730
2855,8381
2856,2663
2857,524
2858,121
2859,4427
2860,3674
2861,643
2862,3675
2863,2990
2864,6199
27784,5790
2866,4428
2867,292
2868,4308
2869,8610
2870,5097
2871,960
2872,293
2874,6054
2875,2664
2876,6055
2877,294
2878,7818
2879,3116
2880,6517
2881,541
2882,5073
2883,2665
2884,6310
2885,6842
2886,6056
2887,8653
2888,2962
2889,5110
2890,406
2891,2963
2892,1974
2893,5479
2894,6612
2897,5704
2898,7714
2899,5547
2900,3676
2901,2991
2902,295
2903,296
2904,5548
2905,961
2906,4657
2907,542
68444,3946
2912,962
2913,5123
2915,963
2916,297
2917,2666
2918,298
2919,4429
2920,4430
2921,2992
2922,4431
2923,8560
2924,3677
2925,964
2926,543
87869,1685
2928,4309
2929,2667
2930,6843
2932,2332
2935,5639
2936,6820
2937,7819
2938,5549
2939,6613
2940,5580
2941,3349
2942,2513
2943,6297
2944,2668
2945,8382
2946,5098
2947,965
2948,3678
2949,966
2950,2669
2951,2993
2952,967
2953,2260
2956,2670
71490,7056
2959,122
2961,6057
2962,4243
2964,5731
2966,2671
2967,2672
2968,18
2969,5896
2970,2333
2971,2673
2972,5897
2973,968
2974,3679
2975,5087
2976,969
2977,2674
2978,3117
2979,4875
101285,5928
2982,8383
2983,970
2984,5460
2985,971
2986,299
2987,300
2988,5099
2989,2675
2990,972
2991,301
2992,8384
2993,973
2995,544
2996,6674
2997,343
2998,8304
3000,974
3001,5074
3002,7320
3003,8611
3004,975
3005,545
3006,976
3007,977
3008,978
3010,979
3011,4432
3013,3680
3015,2676
3016,302
3017,4310
68554,3616
3019,546
3020,980
3021,8385
3022,4198
3024,4311
3025,8435
3028,5550
3029,7715
3030,981
505,4946
3032,2677
3033,982
3034,303
3035,2678
3036,3681
3037,4199
3038,2679
3039,304
3040,305
5968,1307
3042,6598
3043,6599
3044,983
3045,5480
3046,4876
3047,8612
3048,7716
3051,4312
3052,407
3053,2334
3054,4969
3055,8305
101360,8789
3057,7488
134130,1885
3060,306
3061,4433
3062,2994
3063,2680
3064,7793
3066,2995
3067,2335
3068,2681
3069,5551
3070,3557
3071,307
3072,2682
3074,2683
3075,5732
3076,5100
3077,984
3078,6032
3079,3406
3081,985
3082,986
3083,987
3086,3407
3087,2684
3088,2336
3089,988
3090,5552
3091,5553
3093,4434
3094,6311
3095,2337
3096,6822
3097,5581
3098,2685
3099,4615
3100,2338
3101,308
3102,2686
3103,7192
3104,309
3105,2687
3106,5654
3107,989
3108,310
3109,5655
3110,5656
3111,2688
3112,7717
3113,990
3114,344
3115,5111
3116,8306
3117,5088
3118,5112
3120,2689
3121,7820
3122,5101
68659,5923
3125,3622
3127,4479
3128,991
3129,992
3130,2690
3133,7489
3134,993
3135,5102
3136,7321
3138,2691
3140,7322
3141,2692
3142,5554
3143,5555
3144,2693
3145,4435
3146,588
3147,467
3148,589
3150,994
3152,995
3153,3558
3155,2339
3156,2694
3157,644
3158,6999
3159,2340
3160,996
3161,7000
3163,4436
3165,5556
3166,6058
3167,2695
3168,997
3169,311
3171,5898
3173,998
3174,999
3175,645
3176,345
3177,5075
3178,3387
3179,590
3180,7671
3181,1000
3182,1001
3183,5671
3185,1002
3186,4381
3188,7072
3189,3118
3190,8387
3192,5481
98836,8776
3194,4616
3196,2212
3197,2696
3198,2697
3199,5500
3200,4564
3201,2341
3202,7158
3203,4313
3204,2698
3205,5733
3206,2699
3207,5883
3208,312
3210,313
3211,7821
3213,2261
3214,5657
3216,5734
3217,6823
3218,2700
3219,1003
101525,4031
3223,4437
3224,4438
3225,1004
104303,6638
3232,7323
3235,5557
3238,5076
3239,8388
3240,5482
3241,6844
3243,123
3244,2701
3245,2342
3246,1005
3247,2702
3248,2343
3249,2703
3250,1006
3251,314
3252,2344
3253,1007
3254,3119
68791,1598
3256,1008
68793,1599
3258,2705
3259,5658
3260,5558
3261,1009
3262,1010
3263,316
3264,4089
3265,317
3266,1011
3267,1012
3268,3408
3269,2706
3270,4531
3271,4480
3272,1013
3273,1014
3274,2707
3275,1015
3276,8655
6008,2400
3282,8390
3284,5559
65577,5392
3286,1017
3287,6001
3289,7073
3292,7822
3294,5735
71033,3245
134368,1886
3298,591
3299,4658
3300,408
3301,1018
68838,6773
3303,8613
3304,7490
3306,5582
3307,1019
3308,2709
3309,7324
3310,2345
68848,5396
3313,5560
3314,7325
3316,1020
3317,1021
3318,1022
3320,1023
134393,1887
3324,592
554,5647
3326,5077
3327,4439
3328,1024
3329,4440
3330,4617
3331,8392
3334,2710
68872,7562
3338,8614
3339,8393
3340,7823
3341,5103
3342,4441
3343,7824
3344,5736
3347,5561
68884,6917
3349,8529
3350,4442
3351,8394
3354,646
3355,2262
3357,3017
3358,1025
3359,2711
3360,2712
3361,1026
3362,1027
3363,2713
3364,5104
3365,2346
561,8328
3368,5562
3370,2714
3371,2347
3377,7825
3379,4618
3380,7826
3384,6312
3385,2715
3386,1028
3387,4256
3388,4619
3390,1029
3391,2716
3392,5563
3393,6313
3394,2717
3395,2718
3396,626
3397,4090
3398,4091
3399,6059
3400,4659
3401,5221
3402,8395
3404,4939
3405,2348
3406,2213
3408,346
3409,1030
3412,3350
3414,4620
3415,2349
68952,3948
3417,3351
3418,1031
3420,2719
3421,1032
3422,3623
68959,3949
3424,556
3425,5564
3426,2720
3427,5105
3428,2721
3429,1033
3430,4852
68967,4187
3432,5106
3434,3388
3435,1034
3436,6314
3437,4877
3438,2263
3439,3682
3440,3683
3441,2722
3442,5992
104339,8216
3444,5685
3445,2723
3446,6825
3447,5565
3448,1035
3449,7193
3450,3120
3451,2724
3452,4793
3453,8962
3454,8568
71573,7057
3456,4698
3457,4621
3459,6201
3460,8592
3461,1036
3462,1037
3463,5993
3465,8397
3466,4794
3467,2996
3468,2350
3469,4443
3470,5120
3471,1038
3474,593
3475,2351
3476,1039
3477,1040
3478,2725
3479,3074
3480,3409
3481,1041
3483,2726
3484,1042
3487,8436
3489,1043
3490,4622
3491,8398
3492,5566
3494,2727
3495,8399
3496,6826
3497,6600
3498,2352
3499,1044
3500,2728
3501,5113
3502,5575
3503,1976
3504,1045
3505,1046
3506,2729
3507,2730
3508,2997
3509,4795
3510,124
3511,4444
3512,1047
3513,2731
3515,3121
3516,5107
3518,8400
3519,3352
3520,5567
36289,5206
3522,6827
3524,2732
3525,3122
3526,2733
3527,1048
3528,2734
3529,2735
3531,6315
69069,6929
3534,1049
3535,1050
3536,1051
3537,2736
3538,1052
3539,5483
3540,5501
5479,5278
3543,1053
3544,4446
3545,2737
3546,2353
3547,4447
3548,2738
3549,2739
3550,4448
3551,2740
3552,1054
3553,4660
3554,3684
3555,1055
3556,1056
3557,2741
3559,2354
101864,1773
3563,4623
3564,3018
66130,1582
3566,1057
3567,5502
3568,2964
3569,1058
3571,1059
3572,5114
3573,3685
3574,3686
3575,8963
3576,5124
3577,1060
3578,468
3579,5115
3580,5503
3581,3687
32853,7394
3584,4481
69122,1601
3587,8401
3588,4450
3590,4451
101895,1774
3593,3075
3594,4661
3596,8656
3598,1061
3599,6060
3600,6601
3602,8437
3604,6061
3605,8402
3606,3410
3608,2742
3609,4453
3611,6062
3612,6063
3613,2743
3614,2744
3615,4565
3616,4681
3617,1062
3618,1063
3619,8403
3620,5116
3621,5737
3622,6602
3623,647
3624,627
3626,1064
3627,6518
3628,3353
3629,2355
3632,5583
36401,4974
3634,1066
3635,1067
3637,4142
3638,1068
3639,1069
3640,7326
3643,3354
3646,5027
3649,2745
3653,3411
3654,4624
3655,4454
3656,5504
3657,5505
101962,5724
3659,8404
3660,4314
3661,8405
3662,8406
3663,8407
3664,8408
3665,8409
3668,2356
3669,5117
3671,19
3672,3559
3673,6064
3674,6002
3675,4455
3676,1977
3677,3024
3678,4456
3679,4457
3680,4458
3681,2357
3682,4482
3683,1070
3684,2746
3685,2747
3686,2748
3687,3688
3688,2749
3689,5118
3690,4853
3691,4682
3692,8410
3693,4315
3694,5659
3695,5994
3696,3689
3697,2264
3698,2948
3699,3076
3700,4459
3701,2750
3702,2751
3703,2998
3704,2752
3705,5108
3706,2999
3707,1071
3708,4460
3709,4316
3710,3560
134783,9057
3712,2753
3713,2754
3714,5506
3715,5632
3716,5507
3717,1072
3718,7491
3719,7759
3720,2514
3721,5484
3723,5508
3724,2755
3725,4566
3726,3564
3727,3000
3728,1073
124,4216
3730,1074
3731,7827
3732,4567
3733,4462
3734,2756
3735,1075
3736,2358
3737,6828
3738,4568
3739,4345
3740,3690
3741,2359
3742,1076
3743,4662
3744,2482
3745,1077
3746,5976
3747,1078
36517,1467
3751,409
3752,1079
3753,347
3754,5109
3755,1080
36525,4954
3758,5995
3759,6065
3760,4569
36529,1468
3763,1081
3764,4317
3765,5078
3766,5079
36535,2462
3768,5222
3769,4570
3770,594
3771,5080
3773,595
3774,4878
3775,6066
3777,5739
3780,596
134853,1888
3783,1082
3784,7194
3785,1083
3786,1084
3787,1085
3788,1086
3789,4571
3790,7001
3791,597
3792,6829
3793,598
3794,599
3795,5485
3798,600
3799,601
3800,1087
3801,602
3802,3077
120783,8861
3804,2757
3805,8412
3806,4572
3807,5081
3809,603
3810,4573
3811,3001
3812,2758
3813,7195
3814,4143
3816,4574
102123,1775
3820,8413
3821,3614
3822,6951
3823,1088
3824,4663
3825,604
3826,1089
3827,605
3829,606
3831,607
3832,8414
3833,7828
3834,2759
3835,4532
3836,3355
3837,8415
3838,8416
3839,8417
3840,4318
3841,608
3843,3692
3844,609
3845,9050
3846,6316
3847,5740
3848,7136
3849,7464
3851,8418
3852,1090
3854,1091
3855,8307
3857,4639
3858,2965
3859,2760
3860,7673
3861,610
3863,611
3864,612
3865,613
3868,1092
3869,614
69406,1603
3871,615
3872,5584
3873,616
3875,5741
3877,4319
3879,617
3880,7674
3882,1093
3883,8509
3885,618
3886,619
3889,4625
102194,4033
3891,5269
3892,1094
3893,1095
3895,4626
3896,1096
3897,348
69436,1604
3901,6067
3902,6845
3903,7002
3905,6519
3906,3389
3908,4114
3909,9051
3910,1097
3911,1098
3913,7492
3914,4879
3915,1099
3916,469
3917,3002
3918,4320
3919,5486
3920,3624
3921,6068
3922,6069
104419,6546
3924,6070
3925,3625
3926,4627
3927,2761
3928,4628
3929,4629
3930,3626
3932,3627
3933,8657
3934,6925
120805,7723
3936,5270
3937,3078
3938,8420
3939,8421
36708,3844
3941,8423
3942,8424
3943,1100
69481,1605
3946,4483
3947,7493
3948,349
3949,125
3950,3693
3951,7196
3952,1101
3953,4664
3955,3694
3956,1102
3957,2762
3959,3356
3960,8425
3961,3695
3962,3696
3963,3628
3964,6071
3965,3629
3966,3630
3967,1103
3968,1104
3969,1105
3970,3697
3971,8426
3972,3412
3973,4880
102278,8794
3975,4796
3976,8532
3977,1106
3978,4665
3979,1107
69516,4188
3981,1108
3983,1109
3984,1110
66200,8114
3986,648
3987,1111
3988,649
3989,1112
3990,1113
3991,4694
3992,2360
3993,1114
3994,1115
3996,470
3997,4970
3998,1116
3999,1117
4000,7157
153584,7170
4002,2763
667,3618
4005,1118
4006,318
4007,1119
4008,2361
4009,2764
4010,1120
4011,471
4012,2765
4014,350
4015,1121
4016,2966
4017,1122
4018,351
4019,472
4020,1123
4021,1124
4022,352
4023,1125
4024,6072
4025,353
4026,8615
4027,1126
4029,1127
4030,1128
4031,4695
4033,1129
4034,473
4035,6846
4036,1130
4037,1131
4039,2766
4040,4092
4041,2767
4042,3357
4043,7138
4045,5999
4046,7139
4047,3358
4048,7140
4051,8658
4052,1132
4053,8659
4054,3019
4055,1133
4056,1134
4060,2768
135133,1889
4062,2769
4063,2770
135137,6944
4066,1135
4067,7173
4068,6074
4069,3020
69606,5398
4073,7730
102378,8795
4076,8616
4077,7197
4079,1136
4080,6340
4081,4321
4082,1137
4084,4257
4085,1138
4086,2771
4088,2772
4089,5633
4090,2773
4091,3413
4092,4093
4095,5974
4098,7829
4101,8469
4102,2774
102407,4035
69640,3397
4105,2265
4106,4630
69644,3241
4109,7198
4111,2775
4114,3025
4115,5634
4116,7199
4117,5963
69654,8120
4121,1139
4122,2776
4123,7831
4124,4322
4126,2777
4128,2778
4130,4533
4131,8308
4132,2779
4133,6075
4135,3698
4136,7200
4139,4631
4140,4323
102445,1777
4142,6077
4143,6036
4144,1140
4146,2780
4148,1141
69685,3951
4151,5977
4153,4797
4155,4666
4156,8660
4158,1143
4159,6549
4161,1144
4162,7201
36931,8525
4166,5487
4167,1145
4168,1146
4169,6078
4171,7202
4173,8533
4174,4200
4175,7832
69712,3242
4177,6079
4178,5964
4179,4632
4180,5635
4181,7013
4183,7833
69720,5819
4185,7834
4186,4633
4187,3606
4188,6080
4189,8440
4190,2781
4191,6495
135264,9018
4194,7760
4195,4634
135268,9020
4197,7494
4198,8661
4200,6784
4201,8309
4203,4484
4205,4324
4207,5271
4208,8617
4210,1147
4211,2782
4212,5272
4213,4325
4214,2783
4215,7203
4216,7204
4217,4881
4218,4485
4219,4534
4220,4636
4221,4535
4222,4326
4223,1148
4224,5726
69761,3037
4226,474
4228,2784
4229,4798
4231,1942
4232,1150
4233,8662
4234,4486
4235,1151
4236,7074
4237,7075
4238,1152
4239,1153
4241,7796
4246,1154
4247,1155
4248,2967
4251,2968
4252,7076
4254,3615
4255,3699
66246,7474
4262,475
4263,2785
4265,4799
4266,4327
4267,2363
4268,8663
69805,5399
4270,1156
4271,1157
4273,5585
4274,7205
4275,3700
4276,2786
4277,6341
4278,2364
4279,7206
4280,2787
4281,7835
4282,2365
4284,6651
69821,8121
4290,4751
4291,2788
4292,2789
4293,5636
4294,6081
4296,6604
4297,2366
4298,7761
4299,1158
4300,7207
4302,1159
4304,4536
4305,6619
4306,354
6690,8930
69844,3105
4310,628
4312,2367
69849,6288
4316,2790
4317,5223
4318,2791
4319,8441
4321,629
4322,1160
4324,8442
4326,2792
4327,4848
4329,6342
4332,7836
4333,2793
4334,4144
4337,8443
4338,5686
4339,5687
4340,2969
4342,8964
4343,1161
4344,1162
4345,2794
4347,7026
4349,6633
4350,6878
4351,1163
4352,2795
4353,5688
4354,2796
4355,5637
4356,5660
4357,4537
4359,2368
4360,6343
4361,1164
102666,6189
135436,1890
4366,5030
4367,1165
4368,5742
4369,1166
4370,1167
4371,5672
4372,1168
4375,7077
4378,1169
4380,1170
4381,1171
102686,7283
4383,1172
4384,5978
4386,1173
731,5510
4388,1174
4389,5034
4390,5743
4391,6847
4392,7837
4394,4752
4396,2797
4397,8664
4399,8618
4401,8444
4402,6083
4403,5744
4404,1978
4405,7327
4406,2798
4407,4487
4409,2799
4410,1175
4411,8445
102716,4036
4414,7838
69951,5400
102720,6935
4417,5745
4420,5586
4422,3026
4424,6317
4426,7839
4427,4732
4428,7840
4432,2369
4433,7841
135508,8274
4437,1979
4438,3702
4440,6520
4441,3703
4442,6521
4443,3079
4444,3704
4445,8461
4446,1176
4447,356
4448,476
102753,3046
4450,1177
4451,1178
4452,2970
4453,8462
4454,3705
4458,2370
4459,4964
135532,5934
4462,6344
4464,2800
4465,2801
4466,5224
4467,3390
4469,8638
4470,4145
4471,8665
37240,5261
4473,5689
4474,2802
4475,4464
4477,8666
4478,6345
4479,4488
4480,4328
4482,2803
4483,2971
4486,2804
4487,2805
4488,2806
4489,1179
4490,4329
4491,2807
4492,4640
4493,4641
4495,2808
4496,2809
135569,1892
4498,2810
4499,2811
4500,6202
4501,4330
4502,2972
4503,2812
4506,5338
4508,6084
4509,2973
4511,6085
102819,6742
4516,4331
4518,6203
4519,3706
4520,4332
4521,8297
4522,2813
4523,7842
4524,2814
4526,2815
4527,7014
4528,2816
4529,7141
4531,5232
4532,4753
4533,3707
4534,6538
4535,5884
4537,6346
4538,8619
4539,6496
4541,8470
4543,7306
4544,7142
4545,4538
4546,1180
71755,7564
4550,7015
4552,1980
4553,3080
4555,7843
4557,2817
4558,2974
4559,7016
4560,4333
4561,4334
4562,7495
4563,5576
4564,2371
4565,6522
4566,5225
66297,3940
4568,7744
4569,6751
4570,2818
4571,1181
4572,4489
4573,2819
102880,1779
4577,3708
4578,7017
4584,6037
70121,5258
4587,6033
4589,5226
4590,7844
4591,8620
4592,8621
4593,5893
102903,1780
4600,4539
102905,7284
4602,8667
4603,6348
4605,8622
4606,7845
4608,2820
4610,8446
37380,5351
4614,3709
4615,2821
4616,4800
4617,2822
4618,3710
4619,3711
4621,1182
4622,2975
4623,1183
4624,3712
4625,3081
4626,6620
4627,2823
4628,2824
4629,2825
4630,4882
4632,6621
4634,8668
4636,4335
4638,1184
4639,1185
4640,8553
4641,410
4642,1186
4643,1187
4644,7208
4645,1981
70183,4987
4649,2976
4652,2977
4654,1188
4655,5031
4658,1189
4659,7846
4660,6785
4661,2826
4662,2978
4663,6086
4664,6622
70201,8124
4666,1190
4667,7847
4670,4336
4673,4490
4674,7848
4675,1191
4676,5339
4677,4540
4678,1192
4679,1193
4680,6623
4681,2827
4682,4337
4684,7849
4686,4759
66317,4984
4688,4201
102993,3489
4690,7209
4691,3082
4692,7850
4696,6525
4697,3713
4698,7496
4699,4667
4700,1194
4701,1195
4703,7210
4704,6349
4705,6624
4706,6625
37475,4642
4709,2828
4710,2829
4711,7497
4713,1196
4714,2830
4716,7851
4717,6526
4718,357
4719,1197
4720,1198
4721,6550
4722,7078
4723,1199
4724,8965
4725,1982
4727,1200
4728,1201
4731,1202
4732,4883
4733,2831
4734,1203
4735,5125
4736,9064
4737,6848
103042,1781
4740,5488
4741,8924
4743,6087
103048,4037
4745,4668
70282,5401
4748,7628
4749,4884
4750,4885
4751,2832
4752,5746
4753,8510
4754,5747
4755,4773
4756,4669
4757,4541
4761,7675
4765,4886
4766,7079
4767,5227
4768,5587
70305,5402
4770,5260
4771,3414
4772,1943
4774,6088
4775,3714
4776,1206
4782,7676
4783,6849
4784,4760
4787,2833
4789,3083
4792,7298
66335,3941
4796,8623
4798,7648
4799,4083
70336,1610
4801,7762
4802,5690
4803,2834
4804,8447
4806,6952
70344,6924
4809,2979
4810,7212
4811,3084
4812,8669
99106,8779
4814,4670
135887,4071
4816,1207
4818,6089
4821,4671
4822,7111
4823,1208
4826,6551
4830,2836
4831,7852
4832,2837
4833,4733
4834,4761
4835,2838
4836,7213
103141,3490
4840,7853
71804,8128
4842,5691
4844,1209
4846,3586
4848,1210
4849,7143
4851,7214
72176,7439
4854,8448
4855,3716
4857,2372
4859,7854
810,3620
4862,3027
4863,6205
4865,2373
4866,4801
4867,4672
4873,1211
4874,3085
4875,4887
4876,5340
4878,630
813,6868
4880,5577
4881,1212
70418,8125
4885,6948
4886,477
4887,5126
4888,1213
4889,2839
4890,1214
4893,5748
4895,6552
4896,478
4897,7080
4898,2840
4899,3717
4901,1215
4902,1216
4903,1217
103210,7578
4911,7753
4912,6090
4914,1218
4915,3718
103221,8796
4920,7763
4921,7215
4923,5692
103228,1782
4925,7216
4927,7855
4928,4146
4929,2841
4930,8624
103235,5194
4932,2842
4933,6954
32898,5798
4936,3028
39052,7470
4941,2843
136016,5955
4945,5228
136018,8275
4947,6955
136020,1893
4949,4338
4951,2844
4952,6527
4954,2845
71823,8712
4956,2980
4957,6956
4958,1219
37727,3374
4960,2846
37729,1470
4963,358
4964,4699
37733,2463
4967,2374
37736,2464
4969,7147
4970,2206
4971,2847
4972,5885
4973,479
4974,1220
4975,411
4976,2375
4977,4673
4978,2376
4979,1221
4980,3719
4981,8463
4984,8625
4987,3720
4988,2981
4989,3721
4990,5693
4992,1222
4993,480
4994,5514
4995,359
4996,5749
70533,2495
4998,7329
4999,7857
5000,1223
5001,7330
5002,7271
5003,4492
5004,7858
5008,1224
5009,5588
5010,1225
835,5026
5012,6091
5013,1226
5014,2377
5015,1227
5016,4685
5017,1983
5018,7498
5021,6092
5022,7499
5023,7217
5025,3722
5026,1228
5027,2848
5028,4147
70565,6702
98369,6738
70567,3244
5033,7859
5034,5750
103339,5447
103341,4269
5038,6093
5039,8449
5040,3723
5041,8471
5042,8472
5043,2849
6302,8676
5046,5127
5047,5273
5048,6094
5049,2850
5051,7218
5053,4889
5054,1984
5055,3724
5056,7159
5057,8450
5059,7331
5060,1229
5061,2851
5062,1985
70599,5330
5064,481
5065,2515
5066,1230
103372,1785
5069,6038
5071,1231
5072,1986
5073,2378
5074,1232
5075,1233
5076,5705
5079,8452
103384,4038
5081,4802
5083,7148
37853,5515
5087,7860
5088,7861
37857,4109
5092,5706
5093,4803
5094,3725
5095,4890
5096,2379
5097,6957
5098,7862
5099,4820
5101,7718
5102,6754
5103,3415
5105,1987
5106,2982
5107,5694
5108,4674
5109,6095
5110,1234
5111,2852
5114,2380
65638,7431
5119,7863
5120,1235
5121,7160
5122,2853
5125,2854
5127,2855
5128,1236
136562,1894
5134,5274
5135,1237
5137,1988
5139,3726
103444,6990
5141,5229
70678,4127
5146,3136
5147,2381
5151,3727
5152,2856
5153,5751
5159,3728
70697,1611
5164,4675
5165,3729
5167,8453
5168,6096
5170,1238
5171,1239
5172,2858
5177,2382
5179,7546
5180,4493
5182,8464
5186,7219
5187,2859
70728,3445
5193,2860
5198,2861
5199,7864
5202,7332
5203,4340
5205,3730
5208,2862
5210,3731
5214,2863
70751,8126
5218,1240
5219,1241
5220,1242
5222,1243
5223,8561
5224,8626
5225,1244
5226,7500
5227,8454
5229,8966
5230,8455
5231,8456
5232,8457
5233,8458
5234,8459
103539,4783
5236,8627
5237,2864
5238,7220
103543,8798
5241,7221
5242,7865
5243,6528
5244,3732
5246,7222
5247,2865
5248,7223
5250,2866
5254,1245
5255,4542
5256,7501
5258,7678
5264,8967
5265,7307
5266,360
5267,6350
5269,1246
38038,2227
5271,8968
5275,6206
5276,2867
5277,2868
5278,8512
5279,1247
5282,2983
5283,1248
5285,7502
5288,7333
5291,1249
5292,4341
5293,1250
5294,3733
5296,1251
5297,2869
5298,1252
5299,361
5300,5714
5301,8460
5302,4494
5303,2870
5304,2383
5305,6097
5307,2871
5308,1253
5309,2872
70846,6919
885,7698
5312,4676
5313,1254
5315,6851
5316,1989
5319,1255
103624,3492
5323,4891
5324,6652
5325,6539
70862,1612
5329,3734
5333,5589
5334,2873
5335,2874
5337,6098
5339,1256
5341,7224
5342,4342
5343,4343
5344,2875
5346,1257
66427,8500
5348,2384
5349,126
103655,5448
5352,8628
892,4240
5354,6099
103659,6545
5356,8670
5357,5275
5359,2876
5360,4754
5361,6100
70898,8578
5363,1258
5364,1259
5365,7149
5366,2877
5367,2385
5372,6101
5373,2386
5375,6102
5377,1260
5378,482
5379,5035
5380,2214
6358,6114
5382,2878
5383,6958
103688,3314
5385,2387
5387,4677
5388,1261
5389,5276
5391,1262
5395,8629
5398,7226
5400,1263
5401,3416
77359,7444
5404,7334
901,5489
5410,1264
5413,8513
5414,6653
5415,4678
5416,1265
5417,6852
5418,1266
5419,1267
5420,6351
5421,5277
5422,4508
5425,6853
5427,8630
5428,7022
5433,5661
5434,7335
5438,4543
5440,5590
5443,4892
5444,1268
5445,483
5446,2388
5447,4495
5448,4893
5449,1269
5450,7867
103755,8800
5452,2879
5458,1270
5459,1271
5460,4965
5462,7227
5463,1272
5464,362
5466,8562
33679,378
103772,4039
5470,2389
5471,2880
5473,6207
5475,6984
5477,1273
5478,1274
33681,5349
5480,6004
5481,1275
5483,2984
71106,3955
5489,2390
5490,3086
915,2155
103801,4756
5498,5591
5500,1276
5501,4894
5502,1277
5503,8563
5504,1278
5505,4544
103810,1786
5507,1279
5508,1280
103813,7285
5515,1281
5516,8564
5517,8565
5518,3087
136592,5215
71057,3246
5522,3088
5523,6675
5524,1282
5525,3367
136598,5956
5527,6503
5528,1283
5530,4148
5531,4895
5534,2882
5535,8566
38304,7401
5538,6103
5539,6104
5540,3735
5541,1284
5544,2883
5548,2884
5553,1285
5556,4896
5558,6553
5560,7547
5561,2885
5562,4897
5564,2886
71102,4765
5568,1286
5569,4898
5570,3137
71108,4189
5573,8671
5574,1990
5575,8567
5577,1287
103883,4270
5581,2887
5582,8672
5585,3737
5588,5752
136666,8895
71131,7639
5597,4899
71135,3956
5600,5753
5601,6352
5602,4202
5603,6959
5604,7336
5605,4821
5607,5979
5608,1991
5609,4900
5611,5279
5612,4679
5613,5592
5615,4901
38384,8549
5617,1288
5618,1289
5619,7228
5620,1290
5621,3738
5622,6960
5625,4902
5628,4468
5629,6105
5630,484
5632,7003
5633,2392
5636,8673
5637,6879
5638,7869
5641,7870
5642,7229
5643,6605
71180,3038
5646,7018
5649,8427
5650,485
5651,6961
5655,2888
5662,1291
5663,6580
5666,3739
5667,7230
5668,4149
5669,127
5670,2889
5672,6554
5673,1292
71211,562
103980,3047
5677,4680
5678,6555
5679,363
5680,2890
5682,2393
5684,6606
5685,7081
5686,1992
5689,2891
5690,3138
5691,3740
5693,3569
5694,2892
5696,2893
5699,2894
5700,4465
5703,2895
5705,2896
5707,2897
5710,7731
71248,3957
5715,5754
71252,5403
71254,5404
5723,2899
71264,1613
5729,2900
38499,4119
5732,2901
5734,3741
5735,3742
5736,3743
5737,3744
5742,2902
136816,8897
5745,2903
5746,3745
5747,2215
5752,6880
5754,7299
98473,8194
104069,4784
71304,4837
104074,5449
5772,7719
5773,2904
104078,8804
5777,7871
5778,5755
963,7313
5780,6208
71318,5405
121113,5873
5784,4115
5785,3417
5787,7231
5788,6468
5791,1293
136864,1895
5795,7872
5796,6962
99270,8201
5799,6963
5801,6964
5803,6676
5808,6854
5809,1295
5810,2394
5812,2905
5815,6556
5816,364
5818,8925
5819,6557
5820,6876
5825,7503
5826,7030
5828,7115
5829,4545
5830,7465
5832,7232
5833,6529
5834,7019
5836,6355
5839,4966
5840,4967
5841,4822
71379,3247
5846,2907
5847,2908
5850,6881
5853,1994
5854,2909
5857,2910
5859,2911
5864,8514
5866,6830
5867,1995
5868,7679
5869,2912
5872,1296
5873,6965
5874,6558
5875,7082
5876,5121
5878,1297
5879,6469
5880,4904
5881,1996
5882,2395
5883,4905
5888,6498
5891,5756
5893,1298
71433,7563
5899,5965
5900,2913
5901,4906
71438,4190
5903,1300
104211,1787
5909,1301
5910,5230
5913,8926
104218,4271
5915,6786
5917,6877
5918,6487
5923,2914
71460,4766
5926,2915
5927,2916
71464,1616
71466,3446
71468,3248
5933,2917
5936,7873
104241,1788
5938,2918
104243,5450
5940,2396
5941,5280
5942,3746
5943,3747
5944,4768
5945,1302
5947,5281
5949,1997
5952,412
992,6331
5954,1303
5955,3748
5956,1304
5957,1305
71494,6266
5959,1306
5960,2919
5961,2920
5962,2921
5963,7233
5965,7504
5966,7874
104272,1789
5969,7020
5970,3418
5971,2397
104283,5953
5980,5757
5981,3089
71518,5820
71520,3249
5985,6488
5986,7765
5989,486
5991,1308
5992,2398
5993,7505
71530,5406
5995,365
71533,3959
71535,1617
6000,5758
6001,2399
6003,1309
6005,7150
6006,4968
104312,5451
6012,6471
6013,6472
6014,6473
6016,1310
104321,8215
6021,6209
6022,8927
6025,1311
6027,2922
6466,6374
38798,5710
6031,7766
6032,6966
104337,4859
6467,7769
6037,1312
6039,8649
6040,5036
6042,7506
71579,3250
6047,7875
1008,5669
6051,7876
6056,8535
6057,4907
6058,3368
6059,1313
6060,6106
6062,7004
6063,4908
6064,7877
104374,3577
6073,8536
6077,6882
6078,6967
6084,2923
6091,8928
6092,6356
6093,4094
6095,6530
6096,2924
99320,5000
6100,7878
6101,2925
6103,2926
6104,4496
6105,7879
6107,3029
6109,7880
6114,6210
6115,2927
6116,3090
38886,1473
6121,6211
6122,7151
6123,4150
6124,6107
6125,4497
6126,5593
6127,2928
6132,6212
6133,7881
104441,6500
6140,1998
6143,8675
6148,7339
104457,5848
6154,6474
6155,1314
6156,3749
6157,1315
6159,6855
6162,2401
6163,6005
71700,5821
6166,6968
6170,4769
6178,6969
6180,1316
6182,6108
6183,4546
6184,620
6185,7507
6186,2929
6187,5037
6188,1317
6195,4770
71732,6706
6197,1999
6198,7340
6201,2216
6203,1318
6204,4909
6207,5038
71745,3960
6211,4700
6212,2930
6213,3750
6214,2000
6215,6856
6216,6180
6218,366
6219,6970
6223,3139
38992,6686
6225,6357
38994,8051
6227,6358
6228,7649
6230,7882
6231,6359
6232,6360
6233,2931
6234,2932
6235,2402
6237,2933
6238,2934
6239,6361
6240,2935
103865,8802
6242,2001
6243,5662
6244,7083
6245,6109
6247,7767
6249,6787
6250,4804
6252,5707
6254,4346
6256,5759
6257,5760
6260,6110
6261,6971
6263,2936
6264,3091
137337,1896
6266,6111
6268,7005
6269,4771
6271,1319
6273,4347
71810,7749
6276,6362
6279,7680
6281,1320
6283,1321
6284,4910
32943,8038
6286,2266
6287,1322
6290,5761
6291,3140
104597,8218
6294,2002
33817,5800
6296,1323
6297,3607
6298,3751
6299,1324
6300,4814
6301,4151
71838,1618
6303,1325
6305,4095
6306,7681
6308,2937
6314,6363
6315,6364
6316,3092
6318,2938
6322,2003
6323,2004
6327,1326
6329,7084
6331,1327
6332,8569
6333,1328
136602,5878
6335,7234
6337,6857
6338,3752
6339,7682
71876,5259
6341,7883
6342,8971
6344,4498
6345,2939
6348,8677
6349,8678
6350,3141
6355,6112
6356,6365
6357,6113
104662,5849
66596,1584
71899,3251
6365,1329
6367,5762
6368,7508
6369,8972
6370,3369
6373,367
6375,4547
6377,128
6378,487
6379,3753
6380,1330
6383,2005
6384,6858
6385,1331
6386,6366
6387,6115
6390,6116
6395,5763
1066,5532
6400,7341
6404,2403
6405,6972
6408,7342
1068,7808
6410,7884
6412,5640
6413,2940
6414,6117
39183,2465
6416,7768
6419,2941
6422,2942
6423,6118
6424,6367
6425,9065
6426,6973
6427,8679
6428,5886
6429,6368
6431,6369
6432,6370
6433,1332
6436,2943
6440,1333
6442,1334
6446,6371
6447,6974
6448,6372
6449,7235
6450,5887
6452,2944
104757,8219
6454,6119
104841,576
104760,8807
6458,6373
6460,5568
6461,6975
39231,2466
6464,1335
6465,6213
39234,5304
39307,6760
6468,6375
6470,6376
6473,2945
6474,5673
72011,1619
6476,7300
6477,6377
6480,4548
6482,4258
6484,6378
6493,5039
6498,6379
6502,368
6503,1336
6506,7745
72043,7058
6509,4152
132157,4273
6513,7343
6514,8680
6516,2217
6518,6976
6521,6380
6522,6381
137595,9058
39292,1474
6525,6382
6527,6383
6528,7885
6530,2006
73323,8132
6533,6120
6534,1337
6535,4744
6536,6121
6537,1338
6538,2007
6539,1339
6541,2267
6547,1340
6548,3754
6550,4259
6552,1341
6559,3755
6561,4772
6562,6384
6564,3756
6565,2946
6566,3757
72104,3252
6571,4701
72109,6267
104879,1791
104881,8641
6579,7344
6582,3758
6584,2008
6585,6385
6586,1342
6587,4911
6591,2405
6592,7085
72129,5164
6595,3759
6596,4940
6598,557
6599,2406
6600,6883
6602,3760
6603,7886
104913,4040
6611,2407
6612,6859
39381,3845
6615,3761
6617,6459
6618,3419
6620,1344
104925,4860
6624,8301
6628,5462
72165,5407
6630,6387
72169,8130
72171,3447
6636,6388
6638,4549
6639,7236
104944,3493
6641,1345
6643,2009
6644,6884
6645,3093
39414,4762
39416,4511
6650,1346
39419,8052
6658,6389
6659,3762
6662,4096
6663,4745
6664,3763
6665,6124
6666,2010
39435,5305
6669,2408
6671,7888
33880,3430
39444,6800
39446,3846
6679,8929
6684,7890
6686,4941
72224,8502
72226,1620
6695,3764
6703,6125
6706,6755
6707,3765
6708,1347
6709,2409
6710,6657
6711,369
6713,5715
6718,6390
6721,5595
6722,6531
6723,6126
6724,4717
6725,3095
6728,7891
6730,6214
6731,3766
6732,3420
105037,8809
6735,6391
66659,4643
6743,3570
6744,4550
6748,5764
6751,7237
6753,2218
6754,1348
6755,3767
6757,2011
72294,8645
6760,6860
6762,8973
6763,4260
6764,4806
6765,6034
6768,4686
33896,5801
6770,7238
6771,8521
72308,6707
6773,1349
6774,2012
66665,1585
6776,3370
6777,2013
6779,7239
6780,5570
6782,4687
6783,1350
137857,1897
6786,4849
6787,1351
6788,6392
6790,2014
6593,1343
6793,4116
6794,4746
6796,2410
6797,6393
6798,8681
99437,6739
6800,6788
6803,3768
6806,6559
6807,2411
6808,5663
6810,6394
33903,2459
6812,8682
6813,6395
6814,8683
6816,1352
105121,8810
6818,6493
6820,1353
6822,6396
6826,5128
6827,4912
6828,8537
6829,6397
72367,8131
6832,6398
6835,6789
6840,7240
72378,1621
72380,9062
104906,8808
6850,4551
6851,7892
6852,6399
6856,6400
72393,3254
6858,2015
72395,4721
6862,8684
6863,1354
6864,7116
6867,1355
6868,6790
6869,5980
6870,488
72407,5331
6872,4913
6873,1356
6874,489
6875,1357
6877,5641
6879,490
6880,6560
6881,2412
6883,6504
6884,8931
6885,1358
6887,3769
6888,3770
6889,5196
6890,2413
39659,6243
6892,7241
105197,3048
6896,7242
6898,4499
66686,8115
6902,3771
6906,7893
105211,8220
6909,4914
6613,6386
6918,2414
6920,5596
6927,6460
6930,5040
6932,1359
6934,1360
6935,7087
6936,1361
6940,5765
6942,370
72479,7060
6944,1362
6945,7088
39715,5239
6950,7243
6951,3096
6952,3772
6953,1364
6954,2415
6957,1365
6958,5341
6959,5342
6961,1366
6963,7244
138036,1898
6966,8473
6970,6128
6971,2016
6974,4552
6975,1367
6977,3773
6978,1368
6979,1369
6981,2416
6982,2417
6983,7301
6985,2418
6986,5966
6987,2017
6989,1370
6990,7046
6991,8474
6992,7895
6993,2018
6995,6561
6996,4466
6997,4500
6999,6129
39768,4707
7001,3097
7002,5032
7003,1371
7004,1372
7005,4501
7007,3774
7008,1373
7009,5283
7010,1374
39779,8053
7012,7272
7013,2019
7016,8685
7017,4502
7018,3421
7020,7896
7022,2020
7023,7897
7024,5766
7025,6861
7026,7273
7027,5463
7028,1375
7029,5767
7034,1376
7036,3422
7038,2419
7040,3561
7042,2420
7043,7346
7044,2021
7045,3775
7046,3776
105351,8812
7048,5129
7050,7650
105355,3049
61250,8577
7055,7651
7056,4348
7058,6885
7059,6401
7060,3098
7061,5642
7062,5967
7063,2421
7064,3125
7065,5768
72603,3961
7068,2022
72605,5332
7070,2422
7071,7548
7072,2423
39408,4510
7074,7347
7075,5571
7076,7245
7078,5643
7079,7124
7080,6131
7081,4360
7082,6132
7083,7899
7084,2024
7085,6402
7086,5968
7087,5969
7088,2424
7089,3030
7090,413
7091,5970
7093,6626
72630,8503
7095,7246
7096,7247
7099,3143
7101,4553
7102,6133
7104,2425
72641,3962
7107,6403
7108,6562
6646,6123
7110,5769
72647,7441
7115,2025
7116,2026
7117,3777
7121,5644
7122,6134
7123,1377
105429,3494
7126,7902
7130,7903
7131,7904
7132,1378
7135,2027
7136,2426
7137,3778
7139,2427
7142,6135
7143,491
7147,1379
7149,4503
7150,5284
7151,6136
7152,7023
7153,129
7154,4361
7155,5197
7156,1380
7158,5014
72696,5333
7161,2429
7162,1381
7163,2028
7164,3099
72701,5408
7171,7302
7172,4153
7173,1382
7177,5981
7178,6404
7179,5285
7180,7905
7182,7906
72720,3448
7186,6138
39427,7754
7189,4915
7190,7907
7192,8475
7193,4504
72731,3255
7196,7349
72733,3963
7198,6405
7199,1383
105504,1792
72737,4988
7204,8515
72741,3256
7206,7603
7207,6406
7208,8538
7209,5597
7210,5598
7211,5599
7212,2219
7215,5600
7216,7652
7217,7248
7219,7908
7222,7909
7223,2029
72762,7061
7228,6139
7234,2430
7235,3144
7236,4098
7238,7350
72781,7038
7247,4689
7248,7910
66744,7734
7250,6407
7254,1384
7255,4554
7256,3145
7257,6563
7258,8687
7260,8975
7263,3423
7265,1385
7266,7911
72209,3253
7272,4505
105585,6639
7282,5130
7283,6408
7285,3779
105593,5941
7293,1386
7294,6140
7299,8539
7300,6290
6678,3094
7302,7720
7303,5286
7305,6409
7307,8476
7308,3780
7309,7351
7311,6410
7312,8516
7315,4916
7316,4774
7317,1387
7318,3587
7319,8688
7320,6141
7323,1388
7324,3781
7325,1389
7327,1390
7334,7249
7340,8650
7343,4917
72880,6268
7346,1391
7347,2431
7348,1392
7349,4702
7352,8554
7354,7912
7355,8465
27523,3155
7357,6411
7358,7913
7360,2269
7361,130
7362,6142
7366,6511
7367,3782
7369,6143
7371,1393
7372,8689
7373,1394
7374,6006
7375,6144
7376,5888
7379,6634
7380,4775
7381,4807
7382,3146
72919,5409
7386,5015
7387,3565
7394,6412
7395,6481
7396,3031
34002,8042
7407,7352
7411,3783
7415,7914
7419,2432
105731,8221
7437,5645
7438,492
7439,4808
7444,1395
7445,1396
7448,6791
7449,6177
7450,7250
7451,1397
7453,8570
7454,2270
7456,5982
7458,1398
105763,5850
7460,4154
72998,1622
105769,3050
138546,8898
7478,7251
73015,5410
7481,3784
7482,2271
7484,1399
73023,3449
7492,5770
7493,5646
66785,8707
34018,8043
7502,631
7505,6215
73042,5411
40278,2468
105844,3496
7541,5041
7560,1401
7564,4155
73101,8951
7566,4117
132333,8880
7569,1402
7570,4809
40339,5240
7572,7125
66798,4264
7574,4156
7577,5601
7579,5287
7583,7916
7584,6145
7585,7917
7586,6581
7587,2030
5506,2881
7613,7918
7614,6146
7615,3371
7616,4637
7619,7252
7620,7919
99574,8781
7624,5042
7625,8976
138698,7587
7627,8977
73168,7063
66808,4985
7636,7920
40412,5802
40414,4278
7649,4099
7650,5771
6739,7345
7669,5288
73211,5165
34048,1459
7697,6482
106002,3315
7700,2031
7701,3785
7702,6413
7705,7253
7706,5905
106011,6022
7708,4100
7713,2433
7714,5289
106022,4042
7720,6147
40491,4174
7728,2032
73266,5924
73268,2517
7738,8477
73276,7442
7743,3786
7748,2434
7753,5290
73290,4722
7757,6029
106062,3497
7759,2435
7762,6886
7764,6216
7766,2436
7767,6792
106072,1793
7771,2033
7773,4509
7774,6977
7782,6414
73319,4989
73321,3257
7786,4157
7787,6415
7789,6564
7790,6148
7791,6416
7792,1405
106100,3498
7802,3787
40574,3847
106111,1794
73344,1624
7809,5664
7810,4101
7811,4102
7812,4103
40581,6927
40583,498
7817,3100
7818,7117
7820,4158
7822,6149
34072,1460
7826,5572
7827,2034
40597,4975
7831,4349
7832,6978
7833,6887
7834,6979
7835,6980
7836,4506
106144,3499
7841,2220
7842,3788
7843,6181
7844,3789
7845,3790
7846,3791
6769,8974
73386,8714
73392,3258
40629,2469
6772,7086
1311,8507
7872,7922
7878,6217
7881,7923
7882,5772
7883,7924
5718,6354
7888,6150
7889,6218
7892,8478
7894,6565
7895,8690
136654,8894
7897,7353
7899,4918
106204,3316
7914,7354
7915,3792
7916,6151
7919,5716
7920,5773
7921,7925
7922,7926
7924,7031
7925,1406
7926,5602
7932,7089
73469,8133
7934,6319
7935,7927
7936,3032
7938,4159
7939,7355
7941,3033
7942,2437
7943,5603
7944,5972
7946,7928
7947,7604
7948,7929
7951,8479
73488,8504
40723,6574
7958,7930
7959,7931
40732,3848
7976,3793
6791,4688
7980,6417
7981,2035
7982,2036
7983,7356
7984,3794
7987,3795
7990,8933
7991,2037
73531,6269
8003,7933
8008,5464
8009,6418
8010,4810
8011,1407
8012,4703
8014,4161
8015,6152
8016,7770
8019,2438
106330,7287
106332,1795
8033,7934
73572,7443
8039,6419
8042,2439
139116,3522
40815,1475
40817,8055
73587,2496
8056,7936
8057,6420
40826,5053
40833,5803
8070,8555
40851,5352
8093,4467
8094,4350
6811,4097
40870,4718
106417,9005
8117,4815
8121,8540
8123,7937
8125,2440
8126,6219
8128,4351
8129,5043
8130,4919
8131,3796
8132,3147
8133,6583
106438,3500
8136,8691
106441,4727
8138,8480
8142,7032
8143,8541
8147,7254
106452,8224
72356,5698
8154,2441
8157,3148
8158,6030
8167,5906
8169,4690
40946,6688
106487,577
106489,1796
106491,4043
8188,5604
8189,6220
8190,6423
40959,4693
8194,5774
8195,2038
8196,6153
8197,3034
8199,4162
73741,8505
8207,6512
8208,7755
73759,3964
8225,4920
99675,8957
8228,2039
1365,7620
8235,7357
106540,4757
106542,8813
8239,2442
8240,6221
1375,444
8253,5665
8254,5708
8256,8978
8257,7358
8261,7939
8263,6154
8264,1408
8266,7940
8267,7359
8268,6424
73808,4838
8273,8934
66915,4764
8290,8692
1382,2203
1385,804
139385,1899
73854,8134
73860,8596
8327,4163
8331,7941
8332,7255
72386,7106
8336,7360
8337,5889
8338,2443
8340,3797
8341,6031
143385,1910
73881,3260
8360,1409
8361,1410
8362,7256
8363,3798
8364,7683
34162,379
8366,1411
8367,4164
8368,414
8369,5198
8370,2040
8371,3101
8372,3799
8373,3800
6857,3142
8376,371
34164,5051
8385,6155
8387,3132
8388,7942
1398,6336
106696,3317
73929,5166
8403,5131
8404,7466
8410,7944
8420,7945
8422,7946
8423,7361
72405,7059
1408,446
8451,6425
8453,8979
106762,7267
8459,7947
8460,6156
71205,6704
106766,7135
8463,6426
8464,372
8465,7949
8477,2041
106782,1797
8482,6157
8484,5717
8485,4165
8487,6427
8491,6888
8492,5907
8493,2222
132488,8882
8499,3102
8502,6158
1417,6337
8504,9044
8507,2444
8511,7362
41285,2470
8522,4362
8524,6428
8525,6159
8526,3801
8527,6862
8528,1412
8529,1413
8530,5291
8531,1414
8533,493
8534,4921
8535,6429
8537,4104
8542,6981
8544,3571
132496,8269
139620,5935
74089,8135
106870,5851
41336,6986
106873,8315
139642,8900
8571,7950
139644,1900
8574,6160
8575,6756
8576,6461
8577,8935
74115,7064
8580,4691
8581,1415
8582,1416
8583,7952
8584,5605
8589,5666
6893,2268
8596,5667
8600,2042
8604,5199
8607,5343
8609,7363
8610,6982
8611,2223
106916,1798
106918,4044
106920,1799
8617,6432
74154,5412
8620,2043
8622,131
8623,1417
8625,7953
8629,4352
8633,3103
8636,132
8638,1418
8640,3802
8641,1419
8642,8571
8643,4950
8644,373
8645,1420
8650,7954
8654,5132
8656,2445
8657,6434
8661,5292
8665,1421
8666,5217
8667,4922
8670,5606
8672,6435
8675,6983
8684,7364
139757,1901
105213,4041
8689,6627
8690,2044
74228,3261
8695,6436
8699,8980
8700,7365
8709,4555
8711,6889
8712,6161
8713,8556
8718,6437
8720,4923
8722,7303
8724,7955
8725,7956
8727,7957
8730,7024
107042,8225
74275,3450
8743,8694
8745,6438
74282,6013
8751,5233
8752,7958
107057,5852
8754,5234
41527,4708
1460,4522
8763,7960
107069,4045
8768,7961
8772,6439
8777,6890
107083,5942
8781,1422
139855,1902
8784,415
8785,7771
74324,4738
8790,5133
74327,6920
8795,6532
8796,6162
8797,7366
41566,382
8799,6793
8800,6222
41569,383
41571,2471
41573,6761
8807,1424
8808,4951
8810,3803
8811,3804
8813,7090
8814,5344
8819,6440
8820,6441
8821,6442
8823,7602
8827,5218
8828,7962
8830,5461
8831,6462
8832,4924
8833,5293
74370,5822
8835,4925
8836,4926
107141,3501
8838,5235
8839,4927
8840,7367
139915,8901
8848,5775
8850,6443
8851,7963
8853,7964
8854,3805
8857,5044
8859,3806
8860,4928
8861,3104
8864,4929
8865,1425
8866,6757
8870,4930
8871,6677
8872,6223
8873,494
8874,416
8879,4692
74416,3451
8882,7368
8884,6178
105246,5612
8892,6224
8893,6225
8899,5236
74438,8506
8903,7965
8906,3149
8907,3150
8908,4931
8910,1426
8911,4932
8914,1427
6947,1363
74452,5167
8917,1428
8918,3372
8920,6445
8921,6446
74458,1625
8923,6226
8927,7684
8928,2046
8929,6447
8930,1429
8931,6678
8933,6985
8935,5294
8937,4933
8938,6227
8943,5295
8946,6679
8947,2272
8948,1430
8949,1431
74486,4716
8951,5984
8954,8544
8955,2446
8957,1433
8958,1434
8961,1435
8963,6463
8964,6891
8965,3151
8966,2447
8968,4812
8969,4363
8970,1436
74508,5334
8973,2047
8974,1438
8977,8428
8979,7091
8981,3566
8982,4952
8983,2048
8984,1439
8985,4084
8986,6164
8987,7258
8988,6165
8989,5973
74530,5413
74532,5168
8998,5296
8999,6166
9000,6167
41769,3172
9004,6448
9005,6449
74545,3965
9010,4934
9012,7966
6964,7894
9018,4935
34271,6570
140110,1903
1507,7012
74580,5414
107382,8226
140152,8960
74624,7640
74630,8136
41863,2472
107406,1801
107412,6190
74649,1626
74668,6709
34129,6683
74677,3262
107447,7165
41912,8941
74685,5169
74688,4855
74698,5415
140237,8902
140247,8277
74727,6187
140265,7729
140267,1905
74740,7542
99839,8205
107516,5943
74754,3452
41997,1476
7000,6130
42002,4085
42004,2473
42007,499
42009,9046
42011,3849
42013,7120
42015,5207
107555,3051
74789,2949
107559,4728
74795,1627
132618,8883
7011,8932
34319,1462
74851,1628
1555,8432
74868,7066
107649,7166
74916,3453
1564,4585
5768,6318
42163,7403
1566,2561
107702,8816
74944,3966
74946,5211
74948,3967
34338,6684
42191,6009
42197,5141
140523,5879
107769,3318
107771,5853
99609,9001
32797,6240
7051,7459
34359,8044
127204,8870
34364,8045
42351,6286
107910,1802
69241,7433
7067,7898
140711,1906
107945,8817
140715,3523
7069,2023
107953,3319
42418,2474
140725,8903
140739,9022
140741,9023
7073,5904
140745,9025
107978,3502
140747,9026
140749,9027
99917,3486
99615,9002
140753,9029
140755,9030
140757,9031
140759,9032
72612,7458
140763,9034
107999,4046
5779,8674
140816,8278
108076,8227
72626,7440
108090,4047
75341,7067
140880,9035
75349,6270
39869,2467
104595,8217
108156,3503
140928,1907
42632,4831
37382,6799
108188,1803
108190,1804
108192,5854
7111,7900
75440,6710
42677,7553
42681,7404
1657,8351
42718,1477
42721,5353
42723,3173
42725,3850
42728,7304
42730,7305
42732,4955
42734,2475
1661,4869
42738,4129
42740,8057
82167,4992
34435,8429
42783,6910
138204,9059
65802,1580
82169,6779
138208,6643
141124,9036
5792,1294
72683,7565
99992,8783
42900,6245
108447,5855
42935,4709
42946,8490
72694,8713
42958,6762
7160,2428
1699,6834
108506,5856
108514,8633
105468,6021
7165,6137
108548,5929
108551,9006
75803,8715
75805,5416
39941,8054
75813,3968
108583,4048
75816,8716
75823,6271
108601,8818
67255,3238
138258,8276
141422,8904
116413,8845
1728,8354
1730,6993
108689,1805
1731,8355
7195,7348
108709,7803
43177,5054
108715,8819
108727,7288
108729,1806
75983,7802
75985,5170
75990,8137
108795,9007
76030,5823
43267,7635
34520,6797
76054,5335
76060,3969
34523,6571
76077,1629
76091,4839
76093,1630
34528,3431
43333,8058
108873,7579
34530,3842
76111,3039
43351,8059
141668,6492
43376,4719
141688,5957
43391,7471
108928,7532
43396,4557
76173,3263
76175,7521
108945,1808
108949,8820
141718,4073
43419,4976
76210,5171
100083,1762
108981,4049
7245,8686
34552,7783
76251,1631
76272,3970
109042,8821
76293,1632
76303,5824
109074,4050
43556,500
43558,8700
43560,5354
141866,4074
141886,7168
141890,3524
109161,8228
43635,8060
109183,9008
109187,1809
141956,5880
109191,8822
103671,8213
132888,8270
109205,8229
43679,4120
1819,8607
43708,8061
109249,6615
1164,8602
43744,3375
109295,8823
142068,9037
109317,8824
34608,8046
109359,9009
43832,8491
43836,4261
43838,3851
43869,7153
43871,501
142192,8280
43899,4175
43904,6575
43908,5307
43910,8062
43917,6763
43919,3852
43921,3853
100163,5443
43928,5241
43930,5308
43932,6801
43936,3854
109483,5613
109487,1811
142258,8281
76738,1633
34198,5987
76763,8138
44004,502
71156,5163
1874,7705
44022,3174
109576,8826
109578,3320
132952,8430
44073,8063
132961,1884
142422,3525
109673,1812
142448,6644
109687,1813
142488,1908
1903,7516
44191,134
44193,5309
44195,1478
44197,3393
44199,1479
142507,1909
44204,2476
109742,8317
44225,6654
142536,8905
44245,3855
40148,5306
98585,8775
44301,7472
109846,3321
109848,1814
109850,3322
44317,7473
1925,5538
3658,5738
109864,5454
109895,4051
44397,3175
5843,2906
44421,8064
77191,8717
77201,4990
77206,7522
105715,3495
33124,8558
44511,7537
110058,9010
77291,6272
77307,3264
44555,1480
110102,1815
110110,7289
100272,3487
142240,9038
44587,7405
110127,1816
77364,1634
44597,1481
67508,6295
44613,6174
44633,3176
77414,8579
77421,8139
110194,8231
77427,3265
44665,1482
77435,6014
44671,7406
77455,563
142997,6025
44694,4086
105755,7531
44709,5055
44717,7554
44731,4512
40226,6244
7459,5983
44759,8065
44761,1483
100304,8785
100306,5847
44788,1484
77561,1635
110348,4052
110352,6640
111235,7580
44828,3177
44840,7121
44849,4977
98604,6544
44864,8066
73017,1623
77658,4749
100326,8786
44911,8067
110453,8232
7487,1400
110461,3504
143255,8906
143257,8907
110501,3323
44972,3856
44974,3178
45000,4176
110553,1817
45028,6175
77798,7641
77800,3971
77808,8140
77810,8952
136800,8896
110586,3052
110591,3324
45062,5355
77837,3266
143377,8282
110611,8829
77846,3398
45081,4130
77866,3972
143410,8908
110645,6664
110655,3325
77907,7039
6629,7887
143472,8909
45172,6292
45179,8068
45183,3857
45186,1485
110730,1818
45208,6451
45210,6465
110748,5857
110752,8233
45221,6764
110771,1819
2079,6339
110781,9011
78034,5172
78039,7278
78041,4265
100390,8787
110826,8830
78088,7523
110858,8234
78101,6774
78105,5417
78111,8141
110882,4053
78116,8142
143657,8283
78122,6921
45382,8069
78160,5173
78174,8646
73106,7062
7571,7915
45431,3179
7573,1403
45440,7512
78209,1636
45442,7122
45447,1486
78218,5174
78264,5418
78266,3973
45499,1487
45501,5242
45506,3858
133195,5954
45517,1488
45521,6246
78316,6775
78321,6183
143859,9047
111113,5930
78349,3974
100450,6740
45662,5804
45666,1489
45668,3611
45672,1490
45679,8070
111228,1820
78467,6711
78469,1637
45720,1491
45722,1492
67695,3943
45726,3859
45728,1493
45730,5243
78499,635
45732,5208
138696,7586
78517,7445
78544,5175
433,5616
78574,1638
111360,1821
111362,1822
111364,1823
45837,7407
132462,8881
111384,8235
100487,5444
78637,5212
45880,4978
78653,8143
105954,8642
111443,1824
45928,5573
100498,5445
78703,6712
45942,8071
45950,1494
78729,7642
45969,5255
45987,8072
111529,5524
78772,3975
78829,7446
46062,5356
78836,4191
111617,3505
111622,1825
111624,4054
2221,7318
133295,7293
111659,3326
78893,5419
111663,8831
78903,6988
111680,8832
7698,1404
78967,8144
106004,8222
111743,6743
111759,1826
99741,8204
79006,5176
79008,3976
111781,1827
111795,8236
79029,3267
100553,8651
2252,2602
79057,1639
144620,6945
46322,3860
79091,3268
111486,5858
46335,3861
46337,3862
67799,4249
79132,564
79134,5177
79136,7040
79139,5420
111913,8588
111921,4055
111931,8643
144714,8910
79185,1640
79203,6273
3729,4461
112006,6936
79242,1641
79251,3977
79259,8718
32825,5139
79293,1642
112062,7581
46530,1495
79299,6713
112070,7582
5914,7337
46544,6247
79318,5949
46559,7636
46561,8073
46574,8518
112112,5195
46578,1496
79357,3269
133377,8886
112138,1828
112171,1829
104119,8214
112175,3327
112183,1830
79428,1643
46664,7408
144976,7605
79469,7162
46723,1497
112277,5859
112290,3578
2331,5626
112303,8833
46772,8492
71390,6265
79553,3979
112334,8237
160718,8291
79588,8580
79590,8719
79592,3454
112370,1831
110297,8828
46850,7409
133419,5252
46855,7784
112399,8238
46865,3863
112421,3506
7815,7921
79677,3455
112450,8239
79686,6274
46919,6765
112460,7787
79695,1644
79702,1645
104129,8805
46948,3180
79720,3980
112497,8834
46965,3864
46967,6766
46970,1498
46972,1499
46974,7410
46976,1500
112515,3328
145307,7294
112552,1832
112556,1833
72489,6708
79796,5178
7840,5971
47044,6576
112582,8241
79824,6776
40614,6630
112623,1834
2387,912
47092,8074
47099,3181
79868,3270
79879,3981
112653,8242
112655,5860
47122,8573
47124,3182
47148,4558
47152,7411
112689,5861
79946,8720
47196,8075
112735,8243
47200,3865
47202,4359
71404,8127
112749,8835
96,6871
100714,1768
112767,6937
112788,1835
47254,5310
80026,7643
47261,8076
112804,6665
47274,4177
112818,4056
47287,7412
67957,6263
112850,8244
80083,3982
112852,1836
47330,8077
80126,1646
112897,6938
112911,7533
47382,5311
47384,5357
112921,8245
80166,6714
47404,3183
2441,7667
80185,1647
47423,4110
80217,6275
80219,3983
47465,6248
145775,7295
80241,5925
47491,4816
47493,8078
47518,4111
113064,3507
2461,4303
80346,8145
80350,4840
106236,7286
80363,5179
47606,8079
133545,8887
47610,1501
47629,6864
145935,1912
47640,3866
113186,8836
93242,8751
113207,8246
113220,8247
113225,8837
80463,1648
47714,7413
113252,4057
80489,565
47728,8550
113275,7109
8137,7938
80549,3456
80551,6777
80553,6276
80572,7447
113345,1838
47810,8493
113348,1839
47815,3867
80584,8994
80586,3271
80590,8721
80599,7448
113378,1840
80615,5422
5958,6470
7979,4160
113416,8838
47894,8080
113453,3508
80693,3984
47937,4832
80717,7163
47950,7097
47952,5358
105254,8811
80727,6715
6785,6127
80736,5825
7995,7932
2534,8373
47978,8081
80748,8303
68073,3945
113532,8839
47997,3868
47999,1502
100843,3044
146309,5958
113565,5862
48032,8942
113573,4058
48043,1503
48061,7746
80831,3272
80839,6778
80844,5826
80846,3985
48082,1504
80858,8581
80860,8582
80862,1649
80864,4991
113640,5863
51709,8495
80906,566
146443,9039
27790,4275
68099,6478
80917,6716
48159,7049
48165,4178
113705,3509
146501,9040
48198,7414
80969,4723
113741,1841
133645,8271
65982,3937
55071,7424
48231,5805
113780,5864
81018,3273
131451,5875
48262,8082
8044,7935
48268,8083
81054,4192
113829,3510
146604,9041
48301,7415
48304,3869
40819,381
81083,3986
48319,6689
48322,3432
113862,3511
139130,4072
146656,1913
68135,4737
81132,5926
81138,5827
146682,8284
146688,8912
48385,384
81156,3457
81158,567
48394,1505
113938,8248
48414,3184
81191,1650
81229,1651
114028,5944
2621,6950
48501,5922
27802,8029
114044,5865
48516,559
48518,6803
48520,6928
48522,7123
114060,4059
114074,3512
114082,8249
106397,8223
48560,5523
114122,8250
48591,3870
48593,8943
48596,6804
114180,1842
81417,4841
48660,3394
48682,3035
48696,3871
48698,3433
147006,5936
147010,5937
46347,7154
114265,6666
147037,9042
48738,4279
48741,7155
81512,5423
81516,6717
81535,5180
73664,3259
48774,1506
48780,1507
68205,5160
48791,6767
81562,568
81564,3274
114342,3513
48817,7036
81591,1652
48856,8944
48872,5231
81641,8146
48877,3873
81660,3987
114464,8251
5994,5282
71462,1615
133771,3520
48972,5806
68237,1594
48982,3185
79163,8993
48997,3186
106471,7265
49013,8310
81782,1653
106473,7266
81784,5424
81786,4193
81788,3988
133782,8888
81819,8953
81831,7735
114601,8252
81834,636
81845,1654
81847,1655
101025,5446
114635,1843
147426,5938
8187,6422
133798,8889
114662,3579
81898,8147
49132,7098
114670,4060
81910,7449
8183,6421
8191,2221
81932,1656
68269,6772
114707,5931
81949,8722
49220,8084
49225,7416
114762,8840
114766,5866
114795,5455
49265,8945
82035,7279
82037,7644
49272,1508
82041,3989
49274,5359
49278,1509
49280,5056
2752,7190
114818,8841
49284,6690
49286,1510
122904,1870
49299,7555
49314,6805
82093,8723
82095,5425
79224,5421
2766,8377
82150,6277
82152,8583
99846,8782
114925,8842
49394,6987
49396,6691
114935,3329
2772,5072
82173,6015
82202,4856
2783,5729
101088,8206
82242,4842
68324,1596
49526,3874
49528,3875
49530,2486
147845,8285
55116,6695
101106,8207
115122,4061
82378,8148
115147,6939
115149,1844
115151,8843
2808,3073
115170,6641
115174,7110
49647,6655
49649,3876
49651,3877
33296,8572
79274,3978
115210,6466
115216,4062
49688,8701
82459,2497
82461,1657
82463,4993
68358,1597
82499,8584
82527,3990
82534,6719
49772,5312
49817,3878
49822,5313
49824,6865
82608,8995
148168,5939
82667,3275
49902,6249
49910,8085
114,8298
49932,6250
148238,8286
49957,5314
49961,6866
115502,1845
115534,3330
50005,8494
50011,6251
106642,5452
115569,1846
139415,8899
50064,8702
50068,136
115617,1847
82852,4266
82854,1658
115624,3331
104863,6663
66019,6916
6033,8969
115664,6940
93324,5950
33312,7396
7125,7901
115680,5932
50147,6806
50160,7653
50162,5360
82931,6658
82934,7450
6035,8534
115713,1848
50189,6807
32844,6908
2908,625
128520,7292
50245,8086
50259,7417
5572,3736
83086,3458
148626,1914
83096,7451
2927,5499
115877,4063
115881,4064
148652,6946
72131,8129
8392,7943
83132,3276
83134,3277
115927,6547
83177,8724
104245,8806
50442,6808
50445,7538
39398,6687
68486,8501
116012,8254
134025,8272
83270,1659
50514,3434
83293,1660
83318,7452
83322,7453
83332,8149
148881,3526
83349,1661
50583,3187
148888,4367
83359,7454
83361,7455
116136,8255
50601,3188
83374,5912
116161,1849
50641,3879
83411,7456
50651,3880
148956,5614
2981,6821
50658,4121
116207,8844
8447,8693
50685,4559
50703,6489
83480,5426
83506,5181
50740,4122
50742,4123
41226,7402
68536,8117
8462,7948
50792,8703
50794,3881
50798,3882
50802,5361
50804,5516
50806,3883
98803,8197
83603,7457
71525,7437
50842,7556
83613,1662
50851,1511
116397,4065
50872,1512
3018,1975
116419,8846
50912,6252
50923,6577
50954,5711
3031,8654
116503,5867
3041,8386
83803,3278
51044,7418
149352,1915
149354,1916
83827,1663
83829,6278
51077,5315
51080,1513
51084,560
51086,4513
51088,6692
51091,6693
51094,3376
149406,1917
101362,1772
116660,5945
51127,7112
83910,6720
51174,5057
35836,380
51207,5807
83976,3459
106839,8814
149532,6479
99415,8780
68614,8118
51255,1514
116797,1850
116799,1851
149572,5940
51277,3884
134158,8890
149590,8913
116823,1852
149606,8634
51304,5808
149612,8914
116849,8847
116855,9012
84098,8150
84116,3460
116887,8848
51357,5142
116897,1853
99912,5846
51372,5256
51380,6253
84152,1664
84154,6721
84160,6722
116939,4729
51412,5244
51418,7099
84187,3279
8572,7951
101415,8790
116977,4272
116985,8849
84236,138
51471,2229
106883,8815
33358,8039
149830,4368
84304,4277
51540,1515
84312,6922
8591,8542
117107,8850
51575,5362
117121,5868
117123,4066
3900,7137
109740,8230
84374,1665
84392,1666
84395,5182
59549,8987
117176,1854
84414,8996
117192,6023
51662,1516
8612,6430
8614,4811
74152,5948
51698,5363
145150,8911
51705,4244
8618,6433
74156,7065
84506,6289
63239,7630
51773,8087
134246,9055
84601,5183
51834,5316
84615,5184
84637,8647
51884,6768
117434,5869
35957,1466
8275,6182
117444,4785
117456,8256
51925,5364
51927,8526
84696,8725
51931,3885
51935,4124
51937,3886
51939,7519
117511,8851
117529,1855
117533,1856
84772,3280
117590,8852
37741,1471
84844,4470
84847,8151
3221,6200
150401,8915
101529,8791
101531,7742
129,9063
84944,3281
33380,7397
84950,8726
84952,3282
84954,1667
6676,7889
52241,7419
150548,5697
52245,1517
85016,8152
85020,5185
85022,5186
85025,5187
52281,3189
52287,3190
85056,5427
102125,1776
3255,315
3257,2704
117851,5250
52319,3191
52328,1518
117871,5933
117895,6024
85131,5188
52378,8088
101577,3488
85179,4843
52435,3435
85213,6723
3281,8389
52456,5365
52458,3192
52460,6809
52462,3887
70488,7435
3285,1016
85261,5428
8753,7257
52528,4179
3296,2708
118082,4067
85316,5913
150856,8287
68835,8989
8761,7959
118105,8296
85342,3991
52579,4979
3302,7672
8765,4353
85367,5914
52604,1519
52606,5143
52617,4180
85394,7566
85397,5915
85399,8727
85401,3992
85412,3283
85414,1668
107081,7268
115231,8253
52666,5809
52668,4245
85438,3461
8779,8543
52694,4262
8783,2045
52712,5366
52717,6811
3325,8391
52722,1520
118260,5870
52730,8704
85510,3284
52767,4125
8798,1423
118326,8854
90719,6728
118334,5871
85572,7068
118354,8855
1759,7146
52831,6254
85612,4724
110873,8318
65601,7055
112577,8240
52885,4181
52913,8089
118468,6191
52950,5367
52952,2487
68901,3947
52967,7420
85736,3285
52973,1521
52975,5317
53000,3631
151307,8288
85774,1669
85780,6543
85788,3286
53024,7785
85796,3287
101283,8788
53038,6911
36152,8047
85881,3993
53121,3193
53123,3436
53125,3437
52545,3377
53129,2488
53133,8090
53138,8985
68932,5161
118696,1857
118702,8856
53189,4710
53207,5144
68945,3240
86000,3462
86014,5916
86028,8728
58029,8947
68954,1600
103249,1783
8880,6444
86059,5429
3423,6824
53318,3888
53322,1522
53326,3194
87975,5213
151639,5881
68965,3950
118880,5872
118890,7722
3431,8396
118898,8257
118900,7534
86142,3994
118924,8258
101741,6662
96281,3300
86190,1670
53435,5810
53447,4182
118985,8259
101612,6741
53460,3195
118997,5456
53464,1523
53466,5368
53468,3889
74450,8528
8915,7113
8916,6163
134528,9056
53519,3196
86290,5189
86293,5917
86298,3288
119068,8858
53550,3890
86320,4844
86332,1671
67788,5609
86345,4845
86347,3289
119141,1858
86377,4779
119155,6941
90863,7571
41714,8056
41716,6631
8950,1432
152017,6026
86487,8153
52644,6810
86504,6659
53737,6912
134569,6669
152057,1918
152077,1919
152079,1920
152081,1921
86548,7513
152091,4075
36276,3170
86593,8729
8972,1437
30818,7386
74510,6499
86626,7567
152173,5882
86644,1672
53883,3197
703,2151
53887,8091
66171,5395
53894,1524
3521,4445
86721,3290
53956,5145
53972,1525
53974,6656
53993,5245
53996,1526
53999,6812
54001,1527
54004,5058
161918,8919
9001,6007
86781,1673
1669,7132
101850,8208
86817,8585
107314,8316
86833,1674
86835,4994
86852,5918
86864,8154
86880,4725
86882,1675
86884,3463
119655,8859
86892,4846
3560,7545
86898,1676
98913,8956
86911,1677
3565,4449
54190,3891
86982,8155
54220,8092
101884,8792
54251,8986
54256,3438
54259,2230
69118,8709
107348,1800
54270,7050
54272,1528
54276,5369
54281,4514
54286,632
54290,3892
71640,8950
3591,4452
54328,4276
54331,3893
69134,5818
101904,8209
54372,1529
54419,7421
87192,3995
54426,7422
87205,5828
87218,8156
87222,1678
87232,1679
87234,3996
54503,1530
54513,8093
100017,9003
87298,3997
87304,1680
87306,1681
152844,4076
36397,6572
725,5620
3633,1065
726,7178
71650,7438
140174,1904
87383,8157
4001,8594
101947,3576
54648,3894
87430,1682
87444,8730
66198,4248
87483,8731
87485,1683
54732,4263
54734,8574
54736,4956
54745,3895
87520,1684
87522,3464
87529,5919
54768,8519
54771,5146
54775,5318
54780,8644
54785,6255
54787,6813
87598,8158
120392,7290
54881,1531
87660,6724
58303,6293
54910,6913
120466,1860
54995,3198
109853,8827
54997,3632
54999,4980
87785,8732
55031,6694
112940,1837
55052,3439
55063,7423
55069,7100
69253,5397
55078,8094
55094,3896
120635,8860
55100,8575
120637,3580
87876,5430
55110,5319
87884,6279
55118,2489
71668,6705
102033,4032
55156,8095
87930,1686
55167,2490
69275,4986
55207,3897
36509,6628
69278,5162
55232,3898
69280,7693
55245,3899
55247,1532
55250,8467
55253,5712
88024,8159
55259,5370
55261,6814
120799,1861
55267,5320
55269,1533
55272,6815
55274,5713
36519,3843
55276,1534
55280,2491
55282,5246
120821,8260
55290,3900
55294,8705
3757,8411
36527,6505
3761,3691
88106,6280
88118,3998
88125,637
36533,6798
88129,569
55363,5147
88140,1687
69306,1602
88163,1688
88179,8586
55417,6494
55442,1535
55444,3199
55451,3378
88235,8160
36553,7399
134859,8891
55498,6635
88267,5920
88272,5829
74787,6490
55555,4711
55566,3573
55577,3901
88356,1689
121126,6192
88380,5431
134881,8273
121171,1862
98963,7576
88405,5190
55652,5811
3819,6618
55684,4833
55687,7425
121231,1863
1855,6591
55721,3902
55732,6617
55757,8096
55765,1536
55768,3200
55805,3440
55814,3201
55820,1537
55830,1538
145839,1911
55851,8097
55872,5321
55895,8098
88672,6725
55908,3202
88682,7568
102165,8793
121491,7804
88744,1690
3870,8438
55995,3203
55999,5371
56003,3903
88785,5191
56030,3574
88810,3465
88812,3466
56069,3204
56079,6256
121618,6502
56095,3205
3890,8593
88879,5432
91273,8740
56145,3206
56152,4776
56156,5517
88932,8312
56169,5059
56171,3575
56174,1539
56176,5372
88950,1691
88954,7280
91286,8170
25752,7369
89000,7569
102217,7721
56251,3904
89030,7524
89039,3999
56274,4712
89045,6491
89047,6726
56286,6257
69458,7105
89072,6727
3923,8419
89085,4000
89087,5433
89090,1692
56333,3441
89102,4995
56336,6578
56339,3207
89118,5830
56367,1540
3940,8422
89194,6780
89203,8161
3945,7795
98795,8196
102252,4034
89260,8162
69495,8990
89300,5921
89305,8733
89321,8163
56563,1541
89337,1693
89343,4001
56587,3905
89356,7570
81537,6718
56607,3208
89388,8466
56633,6636
89408,8164
3980,4203
89427,8734
3985,8439
69524,1606
89470,1694
69526,1607
56715,5322
89492,1695
69529,8920
56757,3209
56775,1542
56782,1543
4003,6540
56788,5148
56801,3906
56805,7276
56869,7557
56885,5574
69559,8119
56908,3210
89678,8165
56915,5373
56921,4383
56941,3395
56949,4365
47721,2228
122490,8862
89745,1696
89753,5192
89759,3040
89761,4996
89774,4002
89804,4560
57038,7558
808,7756
89837,3291
89840,1697
6265,4805
155392,3527
89864,4003
89870,8997
89881,8166
4061,6073
89904,4750
69604,7434
57223,7051
57243,4713
95744,8763
57274,3211
26350,8007
90057,8167
90061,4780
155611,8961
102396,8210
57326,5323
122882,1864
122886,1865
122888,6642
57353,5209
122890,1866
122892,1867
122900,1868
122902,1869
57368,1544
91483,6730
122920,1871
4103,2362
122924,1872
4104,8648
122932,8863
57401,5374
91488,5832
4108,7830
57418,8099
57430,8100
57453,3212
90249,1698
90266,1699
57504,3213
155820,1922
118814,8857
57526,5375
129737,8876
57528,3907
57532,3442
90343,8735
90345,5193
90357,5831
90374,3467
90376,3468
4141,6076
90403,7514
90405,4997
57640,1545
25993,7375
90428,1700
90430,4004
4149,1142
57669,1546
90439,1701
25999,7988
90469,3292
156025,4369
90522,8736
90524,7525
90531,1702
26012,8483
57792,4714
90576,5610
102481,7530
90600,1703
90603,1704
57845,8946
4184,5903
90647,1705
57910,5812
135266,9019
90717,8168
57951,5376
90738,8737
57972,7426
90746,1706
57980,3214
58025,1547
140743,9024
69746,3952
58047,2231
140751,9028
156387,8289
69757,634
90866,1707
90870,1708
58103,5210
58105,5324
58107,6875
4225,1149
90888,7543
90890,7515
140761,9033
58146,3908
845,7687
58154,5325
58156,6696
5675,7144
90947,3469
58191,7101
91688,8744
26086,7992
69784,7277
26094,7549
58293,3909
58295,561
58297,6697
58299,2232
58301,3910
156607,1923
156609,1924
58306,7052
91077,4857
58315,3911
91094,6729
91104,8468
58347,3215
58351,3912
91126,8738
91128,8739
58879,7427
58365,8101
91134,8169
58376,4834
26117,7994
123947,8864
156726,4077
58425,4183
26122,7376
91199,3470
58432,5149
102588,8211
25737,6892
25744,6228
25750,5908
58520,6258
25753,2448
25755,7370
25763,7460
25764,7371
25769,2449
25771,5718
25773,7967
25774,5776
33592,5799
25777,7033
58554,3216
91323,8741
25788,5297
91325,8742
58559,137
25792,7772
25795,7968
25801,4364
25805,2450
25807,5777
91355,3399
25825,7773
25826,6893
25827,7372
25828,7969
25839,7373
25841,7970
25842,7971
4308,355
25850,4354
25852,8545
25856,7972
58627,3913
25865,7973
25868,4355
25874,6894
91414,3293
58649,8102
25882,7974
25886,7975
58655,7520
25891,7259
25898,7774
25900,7976
25901,6895
25904,7977
25906,7978
25911,7634
25916,7374
25920,7979
25929,7980
25930,7981
91470,8743
25937,6168
58706,4280
25940,7982
25941,7983
25945,7984
25947,4356
91485,4005
25952,5607
25962,3807
91500,570
25965,7985
91505,1709
25971,6169
25972,7986
91529,571
25995,8481
25996,7987
91535,1710
26003,5778
26005,8482
91542,1711
26007,7467
26009,6896
26010,7989
91548,572
26013,7990
26025,3608
58803,3396
91582,8171
26052,2451
58839,6698
91610,8172
26079,7991
26082,5719
26084,3424
26085,7260
91622,6731
91628,7736
26093,7993
91630,1712
26111,2224
26116,5045
91653,1713
58889,6769
91658,1714
91660,5434
26125,5779
157200,1925
26131,1440
26133,5046
58904,8103
91673,7107
26147,7995
26150,4166
26151,3126
26152,1441
91690,6637
26157,7996
26160,3391
26163,7997
26164,6229
26171,5780
26172,7509
26176,5781
26178,7261
26180,7998
26188,6897
58964,5813
26198,4953
26199,7999
58972,5377
58975,3914
26208,7775
157296,1926
26228,4167
26229,8000
58998,1548
26231,5782
69908,8122
26241,5783
26242,2452
59014,3915
59016,8527
59018,3133
26251,8001
59022,3916
26258,3808
26265,7461
26268,6898
59037,6699
26271,8002
102684,7282
26294,3392
31689,7094
26302,7377
26303,5784
91842,1715
26313,7378
26317,8484
26318,4168
26320,5785
26322,7732
4387,6082
26324,7776
97230,7575
26326,4169
91869,1716
59103,5326
91873,8745
26338,8004
26342,6899
26346,8005
26349,8006
59118,3217
91890,8173
59126,1549
26366,6900
26371,8008
59141,3218
26375,5345
26386,6170
26391,7379
26393,7468
26394,5890
91935,8746
26400,7380
26403,3809
26404,8009
26409,8695
91947,7041
59180,8104
26413,8485
26414,7381
26422,5047
26425,6901
26430,8010
26435,8011
91974,5435
91976,4006
91978,5214
69945,7632
26462,8921
26464,8696
26467,8012
92004,8954
26471,3425
26472,7778
26480,3810
26485,8013
26487,8014
59258,6770
4415,3701
26492,4105
26494,6230
26501,8015
59273,5946
26509,7118
92048,8747
26513,6320
92058,3294
26524,6231
26528,6008
99085,8198
59306,4515
59315,1550
26554,5134
26555,6566
26562,3609
26564,5254
59333,4981
59339,6259
26574,7550
26578,4170
26581,8017
26585,3812
26587,1442
157667,1927
26599,7092
59369,1551
26603,3813
26606,3814
26614,558
59387,2492
26622,8018
59392,6010
92163,7572
69974,6918
26631,5786
26649,6477
59418,5060
99089,8199
59421,5378
26655,6232
37211,8048
59429,8302
26662,3152
26663,8546
92206,5833
92210,8313
135518,6745
59447,3036
26680,5298
26684,3815
26686,5200
26689,8019
26693,5787
26694,8020
26695,3562
92234,6732
26700,4106
26701,4382
26702,8486
26704,3816
48142,6802
26712,4118
92259,2498
26726,7274
92264,5436
26729,1443
26731,8021
26732,7733
59501,5327
26736,3817
26737,8022
119145,1859
26749,6233
26750,8697
59519,1552
92309,4007
26775,8023
26776,3153
31770,7391
26782,8024
26784,8025
135536,8892
26788,7779
26791,8981
26797,8026
26809,6234
26810,1444
26812,6680
26819,9045
59590,5150
59594,5379
26835,8027
26838,8028
26840,5720
26842,3818
26843,8982
59615,1553
26850,7382
26854,8983
26865,6533
26323,8003
26870,5299
26325,7777
92420,1717
26886,8487
92424,6281
59669,8105
26903,5721
26915,7119
59684,3219
102792,4726
157407,8916
26947,8936
59721,7747
59725,5695
92494,5834
59727,5814
92496,5835
92498,5836
59731,6294
135567,1891
92509,6931
26974,4861
102800,1778
92535,4781
27002,3819
27005,5135
59784,1554
27020,1445
27022,3820
91886,6781
27032,3821
59805,7559
59810,5151
59814,4835
37277,8049
59832,7428
59834,5257
27075,7469
92613,8998
59846,7429
4515,7328
32914,7275
27109,3822
92665,8750
59900,1555
92681,5437
27156,3154
92694,6733
158238,1928
59935,8496
59945,4763
27178,4704
59143,7637
27186,7607
27193,5202
92751,4858
59985,8576
92756,8174
59995,3917
158314,9048
27251,6616
27253,3426
27255,4705
27266,2049
60037,1556
60040,1557
60069,1558
60072,1559
60074,1560
27317,2050
60086,8988
27322,6235
27329,5788
27334,7383
27338,4813
27351,6902
60126,1561
60128,5947
60135,8106
27369,133
27373,5909
27376,2483
60161,3220
27397,7034
92938,7526
4567,6523
27410,5136
152025,7296
27416,8937
92954,8314
27423,7517
92966,8999
27441,8488
158528,1929
27478,1446
27482,5203
93040,6296
4585,6347
60291,3221
60293,3918
60295,1562
27544,8652
27555,3823
60333,5815
60343,8107
27592,7035
27604,2051
27611,3824
125916,8866
60382,7786
60384,6260
60397,4982
27646,3825
27648,5789
27660,1447
27664,8595
4612,6204
27674,5048
27685,4107
27689,4971
37384,5899
27700,8938
126006,4068
60471,5328
27704,3826
27706,3572
37386,1469
27713,3156
60487,3919
27721,2052
27722,3157
27724,8522
27727,4706
27728,5137
93265,6018
27731,3158
93270,3471
93272,3295
70159,3243
27741,7780
60514,5380
60516,5381
27751,4734
92008,8639
6295,8970
27768,8547
27772,3827
27773,1448
27778,3828
27783,5985
93320,4008
27788,2053
93326,1719
27792,6236
27793,3829
27798,5791
27800,3159
27801,3160
126106,7291
27803,2453
27808,3830
27812,8030
27815,4972
27816,7384
27821,1449
27822,2516
27826,8984
93363,638
27831,2484
27834,2054
27837,5346
27838,3161
27839,5237
60609,3920
27846,1450
27850,3162
27851,6794
27857,6903
27867,7535
27869,4936
27871,8523
27873,7152
27875,8939
27876,8557
27878,3163
27879,6904
60649,7638
27882,5219
158956,6195
93422,3472
93432,8175
27899,6321
27904,1451
60674,6011
93443,3473
27912,6681
70188,8123
60684,1563
27922,5138
26505,8016
93498,6734
93510,1720
93512,3474
60753,3921
60756,3443
60760,8497
60763,3222
60766,1564
72947,8992
104590,6501
159093,1930
93563,8752
100226,8784
60832,9060
60857,7748
187,6453
126420,8867
4687,6524
126430,7805
102995,8958
93693,8955
93700,8176
60937,5382
60943,5152
33672,7536
60950,3379
93721,1721
26547,3811
60990,6915
93766,7527
126548,7690
61013,7798
37477,6573
61024,1565
61026,8498
124859,8865
93805,4998
93831,1722
93838,3296
61071,4777
93840,1723
61075,5061
5644,6353
93855,4009
118248,8853
99145,3310
61123,6771
61132,1566
67504,7432
159462,4078
61160,4836
61167,7053
4738,1204
61206,4184
61210,8499
93980,8753
93982,8754
4744,1205
61236,7102
61240,3223
94011,8755
94015,1724
61248,3922
94018,1725
94024,7042
70286,1608
61289,8706
94070,4010
70293,1609
61323,1567
61348,3923
61350,5383
61352,6700
61357,7103
61361,7788
4769,7211
159690,1931
61394,1568
61401,5062
33688,6796
159755,1932
61465,8520
94266,8177
135861,6746
127052,6193
4795,6003
159858,1933
94323,8756
94325,6932
127096,8868
127098,6467
4800,3715
127108,3514
53953,4735
127114,8261
6415,2404
103107,8212
127124,9054
127136,1873
127152,3515
127158,8262
127164,8263
61634,8108
127178,8264
61646,8948
127194,8869
4815,2835
127198,3516
127202,3060
159972,1934
92198,8748
127206,3517
94466,4267
61705,5384
94478,1726
94480,4999
94494,8757
61729,4957
103137,7108
160080,1935
127319,8871
33145,5608
4837,4491
94672,8758
94677,1727
4861,6953
160271,1936
94777,1728
94780,1729
94799,6735
62049,4736
94833,1730
62081,5247
94864,1731
62113,5329
62115,6186
94896,3475
160438,3581
160440,8917
8616,6431
94919,8759
62155,6701
94931,8178
94939,7043
94953,6736
94959,1732
127728,9013
62203,3224
97752,3305
62250,3225
160563,1937
160565,1938
160567,1939
160590,3528
95067,8760
95088,3476
62331,8311
62336,6542
95105,1733
70465,3953
62344,4246
95113,6282
95115,6283
160656,8290
95135,5951
62374,1569
62376,5385
62378,7037
95147,4011
62383,7430
62394,3924
95165,4012
95167,1734
95182,4013
95199,1735
95201,8761
62434,1570
62437,5063
95207,5438
4948,7856
103253,1784
37720,6629
62511,1571
4961,7677
95307,5927
95309,5611
95311,1736
95313,6019
37731,2485
4965,6850
4968,4888
37739,5700
95375,3297
95377,6020
103279,3491
62644,7539
95441,3477
95443,1737
95449,7738
95473,4014
95475,4015
62718,7629
95499,4016
62733,5386
103299,3312
95508,8762
95510,1738
62764,6261
95543,3298
161084,8292
95558,1739
62792,5153
95567,8587
62801,3925
95583,8179
70545,8710
128360,1874
62849,2493
161155,1940
37785,7400
130628,9016
95654,5699
97866,1748
62912,3926
95720,6737
103335,3313
62956,3226
95740,7281
128512,6942
95752,6284
104076,8803
95761,8640
62999,3227
95780,4017
95782,4018
128592,8872
63062,4281
128606,8265
63072,3927
128616,8959
63082,1572
128620,3518
48744,3872
95858,3299
95873,6660
95875,1740
63113,1573
92439,8749
63131,1574
70597,6703
37830,3171
5063,8451
137403,9021
63179,7560
95949,7739
95963,4019
95965,4020
6531,8631
96004,4021
96007,4022
5080,4339
97923,1750
96020,7573
63276,4983
5085,6480
33750,8940
161594,4079
37855,8050
96075,8180
128846,7724
96079,573
48783,135
96110,3478
96114,8764
99220,8200
96150,1741
63393,7631
63436,5154
5117,8511
129009,9014
30707,374
63479,5064
30712,4357
63481,5155
30723,7385
30745,4827
63515,4247
30749,375
92507,1718
161830,8918
70663,6930
63540,3928
96314,8181
30783,5792
30793,376
30803,5722
30810,1452
30812,1453
30816,4973
1026,6333
30820,2454
33760,6909
30822,5465
30825,1454
96373,6661
30846,6291
30848,6795
30850,7126
5142,7764
63629,8109
30867,3164
161944,6027
96417,5439
30883,7025
129191,7583
30892,7387
30894,7047
96432,4023
30898,7093
96448,7740
26999,5201
96467,3479
98000,8632
129250,8873
96488,1742
96490,5837
5161,2857
96530,8765
31000,8698
108932,1807
129313,7167
31026,6171
96563,5838
96565,8182
31035,7262
63808,3228
129354,4471
96588,4024
96590,5440
63826,3929
129364,8266
63836,6262
96606,3301
96610,1743
96616,4268
63853,4720
63859,1575
96634,5839
31101,2455
31104,8031
63876,3930
31109,8032
31114,5049
31116,2225
96655,3400
129428,6475
96667,1744
31150,3831
96691,7528
31156,5910
31162,6567
31184,2273
103502,8797
96726,8766
96728,3480
31193,5300
96737,1745
129514,7725
31221,4108
63992,3931
31225,3832
96792,8183
64030,5387
64032,7054
64034,4366
31270,5793
66509,5157
96811,4025
96815,5840
108979,5453
31284,6285
96821,3302
31290,3833
96829,3041
141749,8279
96832,7574
162376,4080
96849,8184
96861,574
96863,7529
64114,7156
64116,5388
129653,6667
129657,8874
129659,8875
70762,8991
31364,4828
96901,8185
31374,3610
96911,3481
64153,5816
136305,8893
31408,3373
31410,2055
31413,7797
31420,6568
31422,3834
31427,7027
64197,3932
31431,3835
31433,6035
31435,3165
31437,4171
31445,4937
64229,8110
162542,8635
64249,4958
31502,5794
64278,7561
64285,2233
97057,5952
31522,7781
31524,4172
31547,7388
31549,7389
64321,7799
64338,8111
162672,8636
134170,3521
97168,7741
129937,1875
97188,3303
31658,2456
31660,6184
88345,6016
31682,6237
31685,1455
97225,3304
31694,5301
31696,1456
31700,7263
97254,8186
31724,4938
64497,5389
64499,7800
64501,7801
31737,7390
64508,3933
31747,8033
103596,8799
38061,1472
97304,1746
130073,5251
97306,3482
130083,8877
130087,6943
97328,8767
31804,6534
64575,3229
64614,633
64620,1576
64622,4282
97393,1747
97395,8187
31878,2056
64660,7161
31903,7028
31921,6905
31923,6322
64695,5723
31930,4173
64701,4185
97470,8768
64716,3230
31952,2057
114552,5249
31956,5709
31963,8034
31973,7551
32017,5347
32019,6569
32022,8035
32025,7095
32029,5348
32031,3166
130351,8267
97593,5841
64839,1577
32078,4829
104726,1790
97639,8188
5353,7225
148372,7169
64900,3934
97673,4128
32139,6450
130448,5874
130450,8878
130452,1876
32153,8517
32666,8524
32160,7392
32170,5986
32174,5302
99273,8202
130490,1877
64957,1578
64969,3231
32203,8036
97742,5441
97744,7044
32211,5795
64983,3232
130520,5457
130522,9015
97757,4739
64990,8112
64993,3233
64997,9061
32234,7782
136445,7727
136447,7728
136449,6194
99276,8203
65037,3234
130576,1878
130580,6668
32280,6906
97817,8189
32289,6758
97826,3042
32291,8699
32296,5238
32298,6863
97836,3483
32302,6179
5384,7866
65088,7540
97858,8769
97860,4026
130634,1879
97870,8770
130642,4069
70927,7436
32349,8037
32352,3836
65126,3935
97895,4755
65130,4126
65133,5156
65135,5911
32369,7264
32371,7393
97913,1749
130682,4070
32381,6172
97921,3306
32387,3837
32395,8489
97936,8190
97938,575
65188,3444
97957,3307
65193,4778
32444,7552
65216,7541
32456,6541
97994,8191
32460,6185
70946,3954
65230,5696
32464,6907
32469,2226
65259,8949
65261,3235
32515,6238
98056,3308
32525,4358
65310,3936
98083,5842
32554,3167
32562,3168
103731,9004
32582,7510
98122,1751
32587,495
98124,3134
98126,6989
32591,8548
32596,3838
32598,3427
98154,1752
98279,8774
98160,8771
32632,7511
98175,8772
65418,8113
130960,9017
130970,7726
130980,7584
32686,5796
70984,8711
98230,8773
65465,5518
98243,3309
131013,1880
32728,5797
32735,6239
32743,6582
65514,2494
70994,6264
98296,5442
